1 0.589063 0.242969 0.112500 0.073438
3 0.152344 0.206250 0.048438 0.046875
4 0.465625 0.215625 0.043750 0.046875
3 0.957031 0.413281 0.085938 0.079687
3 0.597656 0.162500 0.032813 0.034375
4 0.921094 0.275781 0.057813 0.048438
3 0.792969 0.282031 0.064062 0.067187
5 0.908594 0.325781 0.182812 0.160938
4 0.556250 0.146875 0.053125 0.040625
4 0.557031 0.147656 0.054688 0.042188
8 0.089063 0.178906 0.175000 0.042188
2 0.595313 0.128906 0.053125 0.039062
2 0.287500 0.146094 0.059375 0.048438
2 0.288281 0.146875 0.060937 0.046875
1 0.466406 0.190625 0.042188 0.021875