2 0.332031 0.271875 0.270313 0.115625
3 0.343750 0.191406 0.090625 0.057813
4 0.736719 0.270313 0.067187 0.059375
2 0.470313 0.451562 0.259375 0.253125
2 0.688281 0.409375 0.176563 0.178125
2 0.257031 0.185156 0.092188 0.073438
3 0.857031 0.127344 0.070312 0.035937
4 0.117188 0.188281 0.065625 0.064062
3 0.036719 0.236719 0.070312 0.079687
4 0.156250 0.267188 0.062500 0.034375
1 0.927344 0.132031 0.042188 0.039062
2 0.459375 0.212500 0.100000 0.068750
4 0.509375 0.154688 0.068750 0.050000
2 0.531250 0.179688 0.040625 0.021875
2 0.160156 0.172656 0.054688 0.060937
1 0.185156 0.127344 0.039062 0.029687
2 0.458594 0.213281 0.101562 0.070312
5 0.834375 0.141406 0.331250 0.082812
3 0.442188 0.104688 0.025000 0.018750
1 0.507031 0.117969 0.026562 0.020313
8 0.110937 0.146094 0.218750 0.054688
4 0.031250 0.189062 0.059375 0.071875