2 0.902344 0.910156 0.195312 0.179688
2 0.735352 0.651367 0.173828 0.291016
3 0.870117 0.640625 0.177734 0.183594
1 0.751953 0.500000 0.210938 0.179688
2 0.648438 0.611328 0.160156 0.164062
3 0.541016 0.539062 0.195312 0.226562
1 0.235352 0.594727 0.189453 0.205078
2 0.426758 0.445312 0.197266 0.214844
2 0.309570 0.400391 0.224609 0.207031
1 0.603516 0.402344 0.164062 0.136719
4 0.907227 0.453125 0.146484 0.199219
4 0.717773 0.140625 0.146484 0.132812
3 0.540039 0.218750 0.251953 0.140625
3 0.456055 0.106445 0.251953 0.177734
3 0.485352 0.037109 0.072266 0.070312
4 0.292969 0.077148 0.078125 0.123047
2 0.194336 0.162109 0.298828 0.171875
1 0.385742 0.274414 0.150391 0.150391
1 0.276367 0.242188 0.111328 0.121094
1 0.152344 0.325195 0.292969 0.138672
3 0.055664 0.391602 0.107422 0.201172
4 0.973633 0.301758 0.052734 0.146484