3 0.243750 0.274219 0.137500 0.092188
2 0.251563 0.166406 0.106250 0.064062
1 0.393750 0.278906 0.128125 0.110937
2 0.675000 0.174219 0.050000 0.051562
4 0.100000 0.356250 0.112500 0.150000
1 0.715625 0.118750 0.037500 0.056250
3 0.604688 0.120313 0.034375 0.034375
4 0.761719 0.134375 0.051562 0.043750
1 0.585156 0.150781 0.029687 0.032813
1 0.149219 0.300000 0.104688 0.118750
2 0.675781 0.174219 0.051562 0.051562
1 0.742188 0.206250 0.043750 0.025000
3 0.439063 0.175000 0.068750 0.068750
2 0.315625 0.114062 0.037500 0.031250
1 0.829688 0.118750 0.021875 0.021875
2 0.376563 0.147656 0.065625 0.057813
2 0.159375 0.154688 0.068750 0.050000
1 0.193750 0.118750 0.034375 0.028125
3 0.329688 0.265625 0.059375 0.065625
1 0.458594 0.208594 0.045312 0.026562
3 0.095312 0.442969 0.187500 0.429688
4 0.969531 0.203125 0.042188 0.025000
9 0.241406 0.132031 0.323437 0.023438
7 0.908594 0.173437 0.182812 0.084375
1 0.958594 0.158594 0.082812 0.042188
3 0.490625 0.135937 0.043750 0.084375
4 0.429688 0.115625 0.034375 0.037500