2 0.269531 0.449219 0.220312 0.214062
1 0.664062 0.208594 0.090625 0.098437
3 0.476562 0.131250 0.084375 0.071875
3 0.537500 0.201563 0.081250 0.040625
3 0.432031 0.220312 0.070312 0.093750
4 0.325781 0.333594 0.164062 0.135937
3 0.489063 0.079687 0.031250 0.034375
3 0.034375 0.188281 0.065625 0.039062
4 0.567187 0.297656 0.150000 0.170313
2 0.082812 0.240625 0.162500 0.090625
1 0.603906 0.075781 0.054688 0.039062
2 0.163281 0.089844 0.045312 0.032813
2 0.363281 0.080469 0.023438 0.023438
1 0.091406 0.314063 0.179688 0.153125
4 0.658594 0.081250 0.054688 0.043750
1 0.457031 0.247656 0.079687 0.126562
3 0.874219 0.242188 0.251563 0.481250
3 0.457031 0.746875 0.210938 0.200000
4 0.279687 0.222656 0.065625 0.032813
2 0.156250 0.165625 0.190625 0.071875
2 0.192188 0.118750 0.084375 0.056250
9 0.139063 0.110937 0.275000 0.056250
2 0.562500 0.085938 0.062500 0.043750
7 0.806250 0.096094 0.159375 0.057813
4 0.086719 0.442188 0.170313 0.165625
3 0.451562 0.104688 0.046875 0.096875
4 0.308594 0.082031 0.042188 0.039062
1 0.025781 0.098437 0.032813 0.021875
1 0.556250 0.056250 0.040625 0.031250