2 0.374219 0.555469 0.201563 0.198437
2 0.074219 0.383594 0.145313 0.085938
4 0.375000 0.443750 0.150000 0.115625
3 0.397656 0.340625 0.073438 0.084375
4 0.192188 0.577344 0.156250 0.164062
1 0.106250 0.456250 0.209375 0.168750
1 0.578906 0.309375 0.089063 0.062500
2 0.017969 0.235156 0.032813 0.039062
1 0.450781 0.365625 0.092188 0.103125
3 0.381250 0.261719 0.065625 0.057813
2 0.088281 0.293750 0.170313 0.100000
4 0.572656 0.410938 0.132812 0.118750
1 0.682813 0.211719 0.037500 0.029687
2 0.416406 0.214062 0.039062 0.034375
3 0.486719 0.326562 0.060937 0.050000
4 0.501563 0.209375 0.043750 0.037500
3 0.339844 0.234375 0.035937 0.078125
3 0.485938 0.327344 0.062500 0.051562
3 0.340625 0.233594 0.034375 0.076563
1 0.400000 0.193750 0.025000 0.025000
6 0.782031 0.232031 0.435937 0.073438
3 0.867969 0.342187 0.245312 0.359375
3 0.724219 0.757031 0.173437 0.160938
4 0.225000 0.349219 0.071875 0.032813
4 0.167187 0.221875 0.043750 0.043750
4 0.771094 0.218750 0.076563 0.037500
1 0.449219 0.202344 0.048438 0.032813
1 0.428906 0.280469 0.051562 0.023438
1 0.455469 0.238281 0.029687 0.017188
2 0.221875 0.214844 0.043750 0.026562