4 0.399219 0.355469 0.120313 0.132812
4 0.544531 0.298438 0.151562 0.125000
3 0.320312 0.264062 0.078125 0.087500
1 0.474219 0.217969 0.082812 0.064062
3 0.152344 0.182812 0.076563 0.056250
3 0.109375 0.146875 0.065625 0.034375
2 0.469531 0.439844 0.173437 0.189062
1 0.099219 0.404687 0.195312 0.200000
4 0.090625 0.299219 0.062500 0.039062
4 0.312500 0.488281 0.156250 0.157812
1 0.383594 0.275000 0.101562 0.093750
4 0.597656 0.124219 0.095312 0.032813
2 0.196094 0.141406 0.064062 0.039062
3 0.836719 0.193750 0.176563 0.343750
3 0.396094 0.238281 0.082812 0.048438
4 0.727344 0.132031 0.054688 0.032813
1 0.146875 0.123438 0.037500 0.034375
3 0.912500 0.528906 0.165625 0.148438
7 0.575781 0.138281 0.426563 0.089063
3 0.218750 0.190625 0.075000 0.065625
1 0.475781 0.123438 0.042188 0.034375
4 0.290625 0.132812 0.046875 0.046875
1 0.218750 0.132031 0.062500 0.035937
4 0.514062 0.151562 0.034375 0.018750
1 0.267188 0.213281 0.053125 0.023438
4 0.442969 0.222656 0.039062 0.048438