2 0.952344 0.343750 0.092188 0.050000
3 0.302344 0.198437 0.079687 0.065625
2 0.056250 0.321094 0.109375 0.179688
3 0.404687 0.255469 0.140625 0.120313
2 0.475781 0.218750 0.104688 0.103125
1 0.546094 0.208594 0.085938 0.089063
2 0.396094 0.319531 0.201563 0.126562
1 0.371875 0.182031 0.062500 0.051562
4 0.623437 0.189062 0.075000 0.062500
8 0.808594 0.145313 0.382812 0.043750
3 0.240625 0.200000 0.043750 0.040625
3 0.488281 0.100000 0.057813 0.115625
3 0.652344 0.165625 0.032813 0.028125
4 0.235937 0.262500 0.053125 0.028125
3 0.403906 0.255469 0.135937 0.120313
4 0.439844 0.162500 0.054688 0.046875
7 0.070312 0.157812 0.137500 0.031250