2 0.758594 0.225781 0.142187 0.110937
2 0.343750 0.225781 0.121875 0.101562
3 0.480469 0.210938 0.082812 0.087500
4 0.328906 0.474219 0.123438 0.132812
1 0.232813 0.232031 0.112500 0.101562
2 0.971875 0.213281 0.056250 0.073438
2 0.563281 0.198437 0.070312 0.068750
2 0.487500 0.111719 0.084375 0.042188
4 0.558594 0.290625 0.039062 0.043750
4 0.085156 0.273438 0.139063 0.109375
3 0.355469 0.117188 0.076563 0.031250
4 0.046094 0.336719 0.089063 0.160938
4 0.796875 0.119531 0.037500 0.060937
3 0.275000 0.365625 0.143750 0.115625
1 0.985938 0.460938 0.028125 0.137500
1 0.202344 0.324219 0.095312 0.120313
2 0.488281 0.112500 0.082812 0.040625
1 0.196094 0.473438 0.185938 0.190625
7 0.389062 0.117188 0.403125 0.065625
3 0.680469 0.132812 0.057813 0.081250
3 0.390625 0.397656 0.115625 0.104688
3 0.337500 0.315625 0.143750 0.090625