4 0.923438 0.254688 0.065625 0.056250
4 0.683594 0.150781 0.051562 0.048438
2 0.587500 0.191406 0.087500 0.064062
1 0.732812 0.157031 0.053125 0.039062
3 0.491406 0.181250 0.079687 0.071875
3 0.975781 0.135937 0.048438 0.037500
3 0.223438 0.188281 0.068750 0.070312
3 0.035937 0.288281 0.068750 0.142187
2 0.402344 0.289844 0.282813 0.142187
4 0.296094 0.160938 0.051562 0.053125
2 0.418750 0.167969 0.078125 0.070312
5 0.894531 0.140625 0.210938 0.065625
2 0.829688 0.196875 0.021875 0.025000
1 0.074219 0.193750 0.060937 0.065625
4 0.207813 0.160938 0.081250 0.050000
3 0.471875 0.128125 0.025000 0.021875
4 0.053906 0.207031 0.051562 0.045312
3 0.135937 0.108594 0.078125 0.123438
2 0.328125 0.146875 0.037500 0.062500
2 0.824219 0.413281 0.192188 0.170313
2 0.156250 0.417969 0.293750 0.232813
3 0.125781 0.207813 0.051562 0.050000
3 0.159375 0.189844 0.059375 0.051562
8 0.197656 0.129688 0.351562 0.031250