3 0.165625 0.250781 0.121875 0.101562
3 0.697656 0.425781 0.254688 0.242188
1 0.486719 0.542969 0.117188 0.107813
2 0.276562 0.224219 0.075000 0.073438
2 0.045312 0.285938 0.087500 0.112500
2 0.791406 0.197656 0.145313 0.104688
2 0.444531 0.238281 0.185938 0.139063
3 0.958594 0.395313 0.082812 0.162500
2 0.310937 0.121875 0.087500 0.040625
3 0.160938 0.142187 0.084375 0.037500
2 0.085938 0.228125 0.021875 0.021875
7 0.206250 0.141406 0.409375 0.107813
4 0.200000 0.337500 0.040625 0.050000
1 0.217969 0.139063 0.023438 0.018750
4 0.200781 0.337500 0.039062 0.050000
4 0.035156 0.224219 0.064062 0.039062
3 0.475781 0.121875 0.039062 0.065625
4 0.523438 0.173437 0.031250 0.028125
2 0.720313 0.183594 0.084375 0.089063
4 0.607812 0.099219 0.040625 0.067187