7 0.750000 0.167187 0.315625 0.040625
2 0.396875 0.617969 0.150000 0.139063
2 0.568750 0.214844 0.034375 0.035937
1 0.782813 0.157031 0.031250 0.020313
4 0.339062 0.147656 0.021875 0.020313
1 0.530469 0.162500 0.023438 0.021875
4 0.535937 0.185156 0.028125 0.026562
1 0.206250 0.155469 0.015625 0.014063
1 0.134375 0.179688 0.028125 0.021875
1 0.033594 0.171875 0.020313 0.018750
8 0.121094 0.172656 0.239063 0.032813
3 0.640625 0.150781 0.018750 0.017188
3 0.640625 0.150000 0.018750 0.015625
0 0.492969 0.214062 0.107813 0.028125
