4 0.628906 0.245312 0.114062 0.096875
3 0.142187 0.160938 0.090625 0.068750
4 0.575781 0.199219 0.135937 0.123438
3 0.099219 0.269531 0.179688 0.126562
3 0.743750 0.107813 0.103125 0.200000
2 0.296094 0.248438 0.148438 0.131250
3 0.050781 0.153906 0.067187 0.076563
4 0.170313 0.747656 0.337500 0.310937
3 0.400000 0.171094 0.103125 0.051562
2 0.019531 0.203906 0.035937 0.067187
3 0.887500 0.229687 0.068750 0.065625
3 0.887500 0.228906 0.068750 0.064062
3 0.100000 0.269531 0.178125 0.123438
1 0.426563 0.246094 0.143750 0.135937
1 0.291406 0.104688 0.032813 0.028125
2 0.677344 0.224219 0.070312 0.098437
1 0.217969 0.178125 0.042188 0.021875
4 0.200781 0.233594 0.039062 0.029687
4 0.091406 0.126562 0.067187 0.046875
7 0.372656 0.108594 0.401562 0.067187
4 0.403125 0.096094 0.096875 0.032813
4 0.514062 0.095312 0.046875 0.031250