2 0.161719 0.248438 0.157812 0.106250
3 0.444531 0.160938 0.051562 0.050000
3 0.669531 0.212500 0.076563 0.115625
1 0.611719 0.169531 0.057813 0.064062
1 0.776563 0.296875 0.106250 0.096875
1 0.205469 0.736719 0.195312 0.098437
1 0.203125 0.737500 0.193750 0.100000
3 0.038281 0.214844 0.073438 0.085938
2 0.296875 0.150000 0.040625 0.028125
1 0.592969 0.129688 0.039062 0.037500
1 0.748437 0.148438 0.037500 0.025000
6 0.903125 0.282813 0.193750 0.162500
4 0.820312 0.772656 0.159375 0.182812
4 0.275000 0.161719 0.046875 0.042188
9 0.100000 0.178125 0.196875 0.040625
4 0.672656 0.186719 0.092188 0.057813