2 0.669531 0.290625 0.292187 0.131250
3 0.270313 0.233594 0.084375 0.076563
3 0.080469 0.645312 0.154688 0.284375
4 0.333594 0.187500 0.060937 0.062500
4 0.703125 0.167969 0.071875 0.057813
2 0.705469 0.212500 0.082812 0.059375
4 0.058594 0.255469 0.064062 0.060937
2 0.492969 0.195312 0.085938 0.081250
1 0.336719 0.127344 0.035937 0.029687
4 0.426563 0.268750 0.065625 0.034375
1 0.086719 0.237500 0.082812 0.084375
3 0.592969 0.199219 0.101562 0.060937
2 0.932813 0.513281 0.134375 0.304688
3 0.130469 0.133594 0.101562 0.154688
3 0.071094 0.410938 0.139063 0.203125
3 0.190625 0.228906 0.062500 0.073438
4 0.221875 0.188281 0.084375 0.064062
2 0.374219 0.180469 0.035937 0.042188
5 0.919531 0.157812 0.160938 0.059375
3 0.155469 0.254688 0.054688 0.053125
1 0.651563 0.125000 0.025000 0.028125
3 0.571875 0.107813 0.018750 0.018750
1 0.455469 0.186719 0.079687 0.073438
8 0.193750 0.150781 0.384375 0.051562