4 0.548438 0.329688 0.181250 0.159375
3 0.482812 0.240625 0.071875 0.040625
3 0.403125 0.175781 0.075000 0.064062
1 0.597656 0.246875 0.098437 0.093750
1 0.426563 0.287500 0.096875 0.115625
3 0.385937 0.260937 0.075000 0.093750
4 0.553125 0.128125 0.050000 0.043750
2 0.464062 0.129688 0.043750 0.037500
4 0.219531 0.267188 0.064062 0.028125
4 0.314063 0.373437 0.187500 0.140625
2 0.053125 0.274219 0.103125 0.057813
2 0.280469 0.487500 0.226562 0.209375
3 0.775781 0.130469 0.032813 0.032813
2 0.048438 0.138281 0.046875 0.035937
3 0.588281 0.751563 0.195312 0.187500
3 0.866406 0.263281 0.267188 0.439063
6 0.805469 0.153125 0.389062 0.078125
4 0.089844 0.495312 0.176563 0.184375
1 0.081250 0.364063 0.159375 0.171875
2 0.089063 0.212500 0.175000 0.081250
3 0.365625 0.153125 0.040625 0.084375
9 0.082031 0.153906 0.160938 0.051562
1 0.741406 0.132812 0.048438 0.034375
1 0.497656 0.117188 0.057813 0.034375
1 0.452344 0.109375 0.042188 0.031250
2 0.257812 0.125781 0.028125 0.026562
4 0.208594 0.132031 0.039062 0.042188
1 0.450781 0.202344 0.051562 0.032813
1 0.503906 0.153125 0.029687 0.021875