3 0.292969 0.300000 0.145313 0.143750
3 0.417969 0.196094 0.107813 0.067187
4 0.768750 0.239844 0.115625 0.079687
2 0.046094 0.276562 0.089063 0.118750
2 0.870313 0.663281 0.187500 0.157812
3 0.720313 0.119531 0.087500 0.170313
1 0.610156 0.250000 0.120313 0.118750
2 0.479687 0.260937 0.150000 0.125000
3 0.059375 0.196875 0.106250 0.078125
3 0.892969 0.210156 0.051562 0.048438
4 0.614844 0.169531 0.067187 0.035937
1 0.503125 0.185156 0.043750 0.039062
2 0.114062 0.389062 0.150000 0.190625
3 0.086719 0.132812 0.032813 0.028125
2 0.752344 0.196875 0.048438 0.037500
7 0.219531 0.125000 0.435937 0.087500
4 0.247656 0.123438 0.095312 0.034375
4 0.354687 0.120313 0.056250 0.031250
1 0.115625 0.135937 0.043750 0.031250