1 0.466797 0.579102 0.097656 0.064453
1 0.598633 0.751953 0.056641 0.066406
1 0.162109 0.487305 0.050781 0.048828
1 0.660156 0.473633 0.062500 0.048828
1 0.961914 0.580078 0.064453 0.062500
2 0.814453 0.619141 0.062500 0.066406
2 0.831055 0.498047 0.056641 0.042969
2 0.705078 0.532227 0.042969 0.052734
3 0.684570 0.458008 0.041016 0.037109
3 0.625000 0.501953 0.058594 0.046875
3 0.436523 0.557617 0.076172 0.064453
3 0.985352 0.508789 0.029297 0.044922
4 0.839844 0.537109 0.062500 0.046875
4 0.981445 0.597656 0.037109 0.062500
4 0.815430 0.575195 0.056641 0.056641
4 0.745117 0.585938 0.087891 0.082031
4 0.255859 0.532227 0.054688 0.083984
4 0.218750 0.487305 0.058594 0.052734
8 0.192383 0.509766 0.380859 0.042969