2 0.537500 0.262500 0.221875 0.137500
3 0.689844 0.550000 0.307812 0.287500
2 0.102344 0.251563 0.145313 0.109375
3 0.263281 0.235156 0.120313 0.095312
1 0.391406 0.650781 0.170313 0.123438
2 0.918750 0.270313 0.162500 0.128125
2 0.384375 0.221094 0.075000 0.073438
4 0.250000 0.333594 0.053125 0.051562
4 0.166406 0.187500 0.076563 0.053125
3 0.630469 0.134375 0.042188 0.075000
2 0.484375 0.118750 0.084375 0.037500
4 0.653906 0.204687 0.039062 0.040625
4 0.781250 0.132031 0.040625 0.064062
3 0.335938 0.126562 0.075000 0.034375
7 0.382812 0.139844 0.400000 0.048438
1 0.390625 0.127344 0.021875 0.023438
2 0.864844 0.241406 0.114062 0.089063
1 0.035937 0.249219 0.068750 0.123438