1 0.384766 0.197266 0.042969 0.058594
4 0.245117 0.310547 0.146484 0.097656
4 0.945312 0.392578 0.089844 0.093750
3 0.547852 0.437500 0.091797 0.085938
3 0.214844 0.754883 0.105469 0.115234
3 0.901367 0.230469 0.072266 0.074219
3 0.662109 0.081055 0.050781 0.056641
3 0.470703 0.064453 0.097656 0.078125
1 0.683594 0.006836 0.035156 0.009766
2 0.969727 0.097656 0.037109 0.039062
2 0.532227 0.059570 0.080078 0.115234
2 0.351562 0.288086 0.097656 0.103516
2 0.192383 0.108398 0.099609 0.091797
2 0.077148 0.861328 0.150391 0.187500
7 0.113281 0.023438 0.222656 0.042969