2 0.870117 0.720703 0.091797 0.085938
2 0.251953 0.678711 0.074219 0.076172
2 0.149414 0.622070 0.068359 0.068359
2 0.572266 0.544922 0.109375 0.062500
3 0.971680 0.523438 0.056641 0.042969
3 0.278320 0.792969 0.107422 0.113281
3 0.788086 0.650391 0.080078 0.054688
3 0.369141 0.593750 0.125000 0.054688
1 0.460938 0.568359 0.031250 0.031250
1 0.417969 0.802734 0.089844 0.117188
1 0.715820 0.657227 0.060547 0.056641
1 0.741211 0.606445 0.076172 0.072266
4 0.859375 0.638672 0.039062 0.039062
4 0.838867 0.664062 0.111328 0.066406
4 0.665039 0.708008 0.177734 0.099609
4 0.637695 0.663086 0.041016 0.021484
4 0.539062 0.613281 0.070312 0.066406
4 0.598633 0.561523 0.025391 0.029297
4 0.387695 0.649414 0.076172 0.056641
3 0.957031 0.544922 0.031250 0.027344
5 0.440430 0.563477 0.490234 0.111328