1 0.692383 0.458008 0.111328 0.154297
1 0.687500 0.927734 0.203125 0.144531
2 0.283203 0.331055 0.109375 0.111328
2 0.067383 0.694336 0.130859 0.212891
4 0.323242 0.646484 0.212891 0.203125
4 0.562500 0.388672 0.105469 0.187500
4 0.915039 0.402344 0.115234 0.113281
4 0.783203 0.750000 0.171875 0.316406
4 0.951172 0.724609 0.097656 0.191406
3 0.357422 0.497070 0.300781 0.169922
3 0.789062 0.313477 0.144531 0.095703
3 0.979492 0.503906 0.041016 0.136719
3 0.059570 0.429688 0.115234 0.136719
3 0.400391 0.948242 0.203125 0.103516