4 0.291406 0.376563 0.164062 0.134375
2 0.077344 0.292969 0.151562 0.104688
3 0.507031 0.266406 0.082812 0.048438
2 0.222656 0.485156 0.207813 0.201563
3 0.407813 0.276562 0.062500 0.081250
4 0.519531 0.357812 0.145313 0.134375
3 0.475000 0.194531 0.062500 0.060937
1 0.621875 0.271875 0.084375 0.090625
3 0.026562 0.237500 0.050000 0.034375
3 0.842187 0.316406 0.315625 0.426563
3 0.360938 0.774219 0.212500 0.182812
2 0.154688 0.217188 0.181250 0.087500
9 0.140625 0.155469 0.278125 0.035937
4 0.267969 0.271875 0.079687 0.040625
1 0.432812 0.309375 0.081250 0.112500
3 0.442188 0.164062 0.043750 0.096875
3 0.488281 0.160938 0.042188 0.087500
4 0.065625 0.485156 0.128125 0.176563
1 0.082031 0.349219 0.160938 0.129688
2 0.548438 0.149219 0.037500 0.048438
2 0.365625 0.134375 0.028125 0.031250
4 0.310156 0.134375 0.032813 0.037500
4 0.642969 0.153906 0.051562 0.032813
1 0.592969 0.148438 0.042188 0.040625
1 0.557031 0.125000 0.032813 0.025000