4 0.419531 0.188281 0.070312 0.057813
3 0.307812 0.163281 0.081250 0.057813
4 0.605469 0.443750 0.098437 0.071875
1 0.301563 0.359375 0.090625 0.053125
4 0.946875 0.170313 0.034375 0.031250
1 0.774219 0.174219 0.082812 0.060937
1 0.559375 0.239063 0.106250 0.087500
3 0.665625 0.139844 0.037500 0.032813
4 0.128906 0.167187 0.048438 0.037500
4 0.879687 0.147656 0.059375 0.042188
4 0.036719 0.178125 0.064062 0.043750
1 0.773438 0.172656 0.084375 0.060937
4 0.037500 0.177344 0.062500 0.045312
1 0.481250 0.129688 0.031250 0.031250
6 0.121875 0.180469 0.240625 0.092188
8 0.943750 0.189844 0.112500 0.051562