2 0.841797 0.570312 0.101562 0.042969
2 0.793945 0.639648 0.048828 0.056641
2 0.951172 0.818359 0.070312 0.074219
4 0.842773 0.882812 0.087891 0.085938
4 0.591797 0.802734 0.097656 0.093750
4 0.720703 0.713867 0.039062 0.041016
4 0.011719 0.760742 0.019531 0.044922
3 0.080078 0.629883 0.035156 0.037109
3 0.353516 0.894531 0.121094 0.156250
3 0.781250 0.748047 0.105469 0.066406
3 0.888672 0.726562 0.066406 0.070312
3 0.755859 0.652344 0.035156 0.035156
1 0.333008 0.569336 0.111328 0.044922
1 0.565430 0.725586 0.158203 0.080078
1 0.794922 0.583984 0.062500 0.039062
1 0.797852 0.813477 0.083984 0.083984
1 0.026367 0.844727 0.048828 0.060547
9 0.728516 0.596680 0.417969 0.056641
5 0.160156 0.868164 0.316406 0.263672