2 0.654687 0.212500 0.121875 0.109375
1 0.126562 0.242969 0.131250 0.101562
1 0.158594 0.470313 0.189062 0.196875
3 0.950000 0.345313 0.100000 0.175000
3 0.222656 0.371875 0.182812 0.118750
2 0.464062 0.196875 0.068750 0.065625
3 0.384375 0.212500 0.087500 0.087500
2 0.251563 0.232813 0.131250 0.100000
4 0.474219 0.284375 0.045312 0.040625
1 0.908594 0.421094 0.057813 0.076563
3 0.557813 0.121875 0.040625 0.068750
2 0.368750 0.114844 0.081250 0.039062
3 0.232813 0.125781 0.078125 0.035937
4 0.296094 0.473438 0.120313 0.137500
7 0.274219 0.128125 0.392188 0.081250
1 0.118750 0.346875 0.084375 0.140625
3 0.338281 0.394531 0.095312 0.089063
2 0.854688 0.188281 0.081250 0.085938
2 0.939063 0.197656 0.121875 0.101562
4 0.674219 0.110937 0.039062 0.071875
4 0.044531 0.304688 0.085938 0.106250
3 0.270313 0.310937 0.143750 0.084375