3 0.392188 0.091406 0.059375 0.101562
2 0.078125 0.296875 0.153125 0.171875
3 0.407031 0.212500 0.126562 0.087500
4 0.552344 0.167187 0.045312 0.053125
1 0.978906 0.256250 0.042188 0.087500
4 0.896875 0.218750 0.090625 0.087500
4 0.166406 0.507031 0.142187 0.123438
1 0.508594 0.178906 0.051562 0.089063
3 0.245312 0.186719 0.090625 0.064062
1 0.196094 0.160156 0.032813 0.035937
1 0.316406 0.175781 0.064062 0.064062
3 0.179688 0.189062 0.046875 0.043750
2 0.446875 0.269531 0.175000 0.101562
4 0.226562 0.243750 0.056250 0.025000
2 0.857812 0.260937 0.081250 0.031250
4 0.371875 0.159375 0.078125 0.075000
4 0.157812 0.181250 0.034375 0.043750
8 0.666406 0.129688 0.360938 0.040625