2 0.980469 0.589844 0.039062 0.046875
2 0.674805 0.615234 0.052734 0.050781
2 0.563477 0.671875 0.072266 0.054688
2 0.025391 0.715820 0.046875 0.044922
4 0.076172 0.837891 0.089844 0.156250
4 0.039062 0.669922 0.058594 0.054688
4 0.099609 0.633789 0.074219 0.060547
4 0.412109 0.684570 0.152344 0.064453
1 0.576172 0.556641 0.093750 0.046875
1 0.381836 0.757812 0.080078 0.089844
1 0.337891 0.647461 0.042969 0.044922
1 0.266602 0.616211 0.068359 0.064453
3 0.282227 0.762695 0.107422 0.095703
3 0.391602 0.634766 0.048828 0.039062
3 0.634766 0.642578 0.031250 0.031250
3 0.619141 0.618164 0.023438 0.029297
3 0.292969 0.562500 0.019531 0.023438
3 0.300781 0.547852 0.082031 0.041016
5 0.060547 0.590820 0.117188 0.080078
9 0.852539 0.611328 0.294922 0.054688