2 0.248047 0.335938 0.175781 0.222656
2 0.457031 0.335938 0.175781 0.226562
3 0.692383 0.346680 0.169922 0.240234
1 0.699219 0.570312 0.183594 0.210938
2 0.862305 0.349609 0.154297 0.175781
1 0.743164 0.210938 0.154297 0.214844
1 0.478516 0.189453 0.195312 0.199219
4 0.230469 0.129883 0.171875 0.185547
3 0.078125 0.523438 0.152344 0.246094
1 0.040039 0.291992 0.076172 0.197266
1 0.065430 0.176758 0.126953 0.076172
3 0.065430 0.061523 0.126953 0.119141
4 0.663086 0.085938 0.193359 0.167969
3 0.958984 0.283203 0.082031 0.183594