7 0.781255 0.161918 0.321912 0.044304
2 0.517375 0.193369 0.031531 0.0322448
2 0.0399246 0.168734 0.0321908 0.0282483
2 0.0547435 0.409788 0.105162 0.0875991
1 0.817402 0.150785 0.0322861 0.0216237
1 0.553421 0.149472 0.0201405 0.0214709
4 0.396834 0.130435 0.0199541 0.0193328
3 0.682591 0.14006 0.021471 0.0173295
4 0.525423 0.167076 0.0290577 0.0246481
1 0.110157 0.144078 0.0178892 0.0180126
1 0.269116 0.134576 0.0170245 0.0143552
8 0.152936 0.147206 0.280251 0.026871
1 0.186083 0.152187 0.0255468 0.0209144