9 0.500781 0.700781 0.998437 0.598437
4 0.395313 0.199219 0.068750 0.098437
1 0.481250 0.173437 0.059375 0.043750
2 0.328906 0.135156 0.076563 0.042188
1 0.206250 0.130469 0.031250 0.029687
2 0.267188 0.128906 0.043750 0.060937
2 0.921094 0.189844 0.110937 0.082812
2 0.921094 0.189844 0.110937 0.085938
2 0.236719 0.140625 0.029687 0.028125
5 0.206250 0.137500 0.409375 0.084375
3 0.895312 0.441406 0.200000 0.179688
3 0.039844 0.171094 0.029687 0.017188
4 0.014844 0.146094 0.023438 0.023438
2 0.978906 0.349219 0.042188 0.070312