3 0.064062 0.289844 0.125000 0.129688
3 0.053125 0.178906 0.096875 0.070312
4 0.578906 0.255469 0.107813 0.098437
2 0.238281 0.266406 0.167187 0.132812
4 0.189844 0.761719 0.376563 0.304688
3 0.328125 0.187500 0.096875 0.050000
4 0.516406 0.212500 0.104688 0.118750
3 0.664844 0.126562 0.085938 0.190625
1 0.375000 0.257812 0.143750 0.137500
2 0.605469 0.218750 0.070312 0.053125
3 0.809375 0.239063 0.062500 0.053125
7 0.269531 0.118750 0.401562 0.068750
4 0.317969 0.114062 0.098437 0.037500
4 0.421875 0.114844 0.059375 0.032813