4 0.321094 0.453906 0.120313 0.123438
3 0.944531 0.327344 0.110937 0.157812
2 0.454688 0.192188 0.068750 0.065625
3 0.377344 0.206250 0.085938 0.087500
1 0.128906 0.337500 0.082812 0.137500
2 0.246875 0.228906 0.131250 0.104688
1 0.188281 0.453125 0.182812 0.187500
4 0.471875 0.277344 0.043750 0.039062
1 0.898438 0.398438 0.050000 0.071875
2 0.349219 0.111719 0.082812 0.039062
1 0.125000 0.233594 0.137500 0.101562
3 0.540625 0.119531 0.040625 0.067187
3 0.210156 0.125000 0.082812 0.037500
2 0.914062 0.194531 0.118750 0.085938
3 0.233594 0.358594 0.176563 0.117188
2 0.643750 0.206250 0.118750 0.103125
7 0.256250 0.129688 0.406250 0.071875
4 0.132031 0.177344 0.035937 0.039062
4 0.039844 0.283594 0.076563 0.104688
4 0.655469 0.112500 0.042188 0.068750
2 0.834375 0.182031 0.071875 0.082812
3 0.353125 0.385156 0.096875 0.095312
3 0.279687 0.300781 0.150000 0.079687