3 0.296875 0.139063 0.065625 0.050000
2 0.192188 0.167969 0.087500 0.060937
4 0.682031 0.175000 0.032813 0.034375
3 0.721094 0.164844 0.032813 0.032813
2 0.380469 0.126562 0.032813 0.031250
1 0.537500 0.135156 0.046875 0.039062
4 0.021875 0.144531 0.040625 0.042188
3 0.932813 0.146875 0.031250 0.031250
1 0.570312 0.111719 0.031250 0.032813
3 0.073438 0.132031 0.046875 0.057813
3 0.683594 0.135156 0.042188 0.045312
1 0.006250 0.203125 0.009375 0.040625
1 0.203125 0.121094 0.034375 0.057813
3 0.625000 0.110156 0.018750 0.017188
7 0.153906 0.132812 0.239063 0.040625
4 0.348438 0.159375 0.037500 0.034375
4 0.585156 0.116406 0.032813 0.029687
4 0.698438 0.110937 0.018750 0.015625
2 0.492969 0.125000 0.045312 0.037500
8 0.830469 0.125781 0.257812 0.023438