3 0.342187 0.575000 0.353125 0.325000
3 0.253125 0.225781 0.118750 0.092188
2 0.101562 0.239063 0.134375 0.103125
4 0.664062 0.211719 0.046875 0.045312
2 0.376563 0.217969 0.075000 0.073438
4 0.849219 0.132031 0.045312 0.076563
3 0.682813 0.135937 0.046875 0.078125
3 0.410156 0.119531 0.070312 0.029687
4 0.203906 0.174219 0.060937 0.051562
2 0.556250 0.117969 0.087500 0.035937
1 0.460156 0.116406 0.029687 0.029687
2 0.497656 0.264062 0.242188 0.140625
1 0.108594 0.641406 0.195312 0.107813
4 0.194531 0.321875 0.064062 0.050000
3 0.880469 0.660937 0.239063 0.353125
7 0.443750 0.116406 0.375000 0.073438
1 0.027344 0.239063 0.051562 0.093750
2 0.907813 0.292187 0.184375 0.153125