2 0.397656 0.253906 0.157812 0.129688
3 0.200000 0.298438 0.162500 0.140625
2 0.044531 0.385937 0.085938 0.193750
3 0.025000 0.200781 0.046875 0.076563
4 0.683594 0.222656 0.101562 0.079687
3 0.357812 0.182812 0.109375 0.037500
1 0.534375 0.239844 0.121875 0.117188
1 0.058594 0.138281 0.029687 0.026562
3 0.649219 0.109375 0.082812 0.165625
3 0.650000 0.107813 0.084375 0.168750
2 0.712500 0.631250 0.175000 0.159375
4 0.901563 0.565625 0.196875 0.275000
3 0.813281 0.192188 0.060937 0.056250
7 0.185938 0.122656 0.368750 0.073438
1 0.923438 0.863281 0.153125 0.273438
4 0.300781 0.115625 0.064062 0.037500
4 0.196875 0.125000 0.109375 0.031250