2 0.332031 0.271875 0.270313 0.115625
3 0.343750 0.191406 0.090625 0.057813
4 0.736719 0.270313 0.067187 0.059375
2 0.688281 0.409375 0.176563 0.178125
2 0.470313 0.451562 0.259375 0.253125
2 0.257031 0.185156 0.092188 0.073438
3 0.857812 0.127344 0.071875 0.035937
3 0.035937 0.236719 0.068750 0.079687
4 0.117188 0.188281 0.065625 0.064062
4 0.156250 0.267188 0.062500 0.034375
1 0.927344 0.132031 0.042188 0.039062
2 0.459375 0.212500 0.100000 0.068750
4 0.505469 0.156250 0.064062 0.046875
2 0.531250 0.179688 0.040625 0.021875
2 0.160156 0.171875 0.054688 0.059375
1 0.185156 0.126562 0.039062 0.028125
2 0.457813 0.212500 0.100000 0.068750
5 0.835156 0.141406 0.329688 0.079687
1 0.504687 0.115625 0.021875 0.025000
3 0.441406 0.104688 0.023438 0.021875
8 0.111719 0.148438 0.220312 0.040625