4 0.415625 0.168750 0.059375 0.050000
1 0.534375 0.202344 0.087500 0.070312
3 0.632812 0.129688 0.034375 0.031250
4 0.557031 0.321094 0.070312 0.045312
8 0.907813 0.168750 0.181250 0.037500
3 0.312500 0.150781 0.071875 0.048438
1 0.721094 0.154688 0.070312 0.053125
4 0.876563 0.149219 0.031250 0.026562
3 0.080469 0.293750 0.157812 0.134375
4 0.827344 0.129688 0.051562 0.043750
1 0.336719 0.282813 0.067187 0.034375
2 0.467187 0.121875 0.028125 0.028125
3 0.079687 0.295312 0.156250 0.137500
4 0.153125 0.155469 0.040625 0.032813
4 0.875781 0.148438 0.029687 0.025000
6 0.129688 0.169531 0.256250 0.067187
4 0.058594 0.167187 0.114062 0.040625
4 0.015625 0.228125 0.028125 0.031250