4 0.602344 0.146875 0.126562 0.090625
1 0.428125 0.175000 0.140625 0.137500
3 0.753125 0.104688 0.053125 0.056250
2 0.592969 0.606250 0.145313 0.162500
2 0.282031 0.197656 0.173437 0.145313
3 0.256250 0.118750 0.128125 0.062500
3 0.563281 0.058594 0.070312 0.114062
1 0.875000 0.850000 0.250000 0.300000
3 0.086719 0.259375 0.170313 0.168750
1 0.334375 0.111719 0.050000 0.045312
8 0.937500 0.055469 0.125000 0.060937
4 0.457813 0.085156 0.084375 0.051562
4 0.828906 0.521094 0.342187 0.326562
7 0.142187 0.066406 0.281250 0.095312
4 0.211719 0.053125 0.064062 0.037500
4 0.089844 0.064062 0.117188 0.043750