1 0.539062 0.394531 0.234375 0.156250
1 0.774414 0.489258 0.119141 0.150391
1 0.130859 0.771484 0.171875 0.210938
1 0.226562 0.264648 0.121094 0.083984
1 0.315430 0.222656 0.095703 0.097656
1 0.242188 0.047852 0.144531 0.091797
3 0.633789 0.052734 0.083984 0.101562
3 0.705078 0.032227 0.066406 0.060547
3 0.943359 0.165039 0.113281 0.091797
3 0.609375 0.281250 0.101562 0.093750
3 0.115234 0.404297 0.148438 0.148438
3 0.025391 0.406250 0.046875 0.117188
3 0.476562 0.121094 0.167969 0.140625
3 0.149414 0.029297 0.099609 0.054688
2 0.553711 0.474609 0.244141 0.191406
2 0.061523 0.683594 0.119141 0.136719
2 0.149414 0.095703 0.107422 0.113281
2 0.040039 0.104492 0.076172 0.111328
2 0.342773 0.099609 0.130859 0.144531
4 0.469727 0.041992 0.068359 0.080078
4 0.755859 0.098633 0.089844 0.087891
4 0.695312 0.262695 0.234375 0.142578
4 0.951172 0.462891 0.097656 0.144531
4 0.829102 0.827148 0.181641 0.212891
4 0.459961 0.342773 0.076172 0.123047