2 0.344727 0.503906 0.255859 0.160156
1 0.456055 0.554688 0.072266 0.074219
1 0.335938 0.362305 0.105469 0.076172
1 0.379883 0.419922 0.076172 0.066406
4 0.148438 0.477539 0.210938 0.119141
4 0.275391 0.461914 0.050781 0.033203
4 0.110352 0.350586 0.052734 0.107422
3 0.304688 0.348633 0.085938 0.080078
4 0.662109 0.325195 0.070312 0.076172
2 0.631836 0.286133 0.091797 0.060547
2 0.749023 0.206055 0.068359 0.060547
1 0.566406 0.206055 0.058594 0.052734
3 0.593750 0.185547 0.054688 0.042969
3 0.947266 0.178711 0.105469 0.056641
3 0.961914 0.273438 0.076172 0.070312
4 0.966797 0.211914 0.066406 0.068359
8 0.136719 0.321289 0.269531 0.087891