4 0.637695 0.500000 0.271484 0.273438
4 0.956055 0.678711 0.080078 0.201172
3 0.139648 0.656250 0.212891 0.246094
2 0.064453 0.547852 0.125000 0.224609
3 0.067383 0.432617 0.130859 0.224609
1 0.295898 0.501953 0.220703 0.277344
1 0.329102 0.359375 0.224609 0.207031
4 0.485352 0.291016 0.173828 0.218750
3 0.684570 0.213867 0.189453 0.275391
1 0.419922 0.150391 0.195312 0.148438
3 0.907227 0.097656 0.185547 0.187500
4 0.618164 0.084961 0.095703 0.166016
2 0.492188 0.094727 0.246094 0.177734
2 0.094727 0.200195 0.169922 0.087891
2 0.085938 0.342773 0.164062 0.220703
1 0.139648 0.173828 0.263672 0.203125