3 0.384375 0.252344 0.075000 0.098437
3 0.340625 0.174219 0.075000 0.067187
2 0.405469 0.458594 0.210938 0.204687
4 0.383594 0.349219 0.148438 0.123438
2 0.503125 0.156250 0.040625 0.043750
2 0.057813 0.291406 0.112500 0.082812
2 0.406250 0.459375 0.206250 0.203125
2 0.096094 0.193750 0.185938 0.065625
4 0.587500 0.313281 0.146875 0.135937
1 0.397656 0.120313 0.057813 0.034375
3 0.667188 0.121875 0.028125 0.025000
4 0.766406 0.136719 0.114062 0.039062
1 0.645312 0.127344 0.040625 0.029687
4 0.189844 0.270313 0.067187 0.031250
3 0.292969 0.146875 0.054688 0.096875
1 0.561719 0.214062 0.079687 0.053125
1 0.574219 0.172656 0.035937 0.017188
4 0.456250 0.125000 0.050000 0.040625
3 0.469531 0.237500 0.067187 0.056250
4 0.219531 0.485156 0.157812 0.173437
2 0.141406 0.128906 0.026562 0.020313
3 0.883594 0.231250 0.232813 0.381250
6 0.689063 0.142187 0.328125 0.065625
4 0.678125 0.158594 0.040625 0.020313
4 0.091406 0.135156 0.060937 0.045312
1 0.102344 0.375000 0.201563 0.193750
1 0.448437 0.279687 0.112500 0.109375
2 0.183594 0.166406 0.101562 0.060937
1 0.340625 0.111719 0.037500 0.035937