2 0.560547 0.670898 0.121094 0.048828
2 0.024414 0.669922 0.044922 0.070312
2 0.071289 0.829102 0.080078 0.080078
4 0.047852 0.765625 0.064453 0.066406
4 0.283203 0.760742 0.070312 0.076172
4 0.454102 0.891602 0.044922 0.048828
4 0.575195 0.701172 0.033203 0.035156
1 0.461914 0.811523 0.150391 0.083984
1 0.170898 0.798828 0.064453 0.070312
1 0.416016 0.675781 0.035156 0.035156
3 0.964844 0.784180 0.031250 0.037109
3 0.309570 0.939453 0.095703 0.085938
3 0.313477 0.856445 0.076172 0.087891
3 0.239258 0.688477 0.130859 0.068359
5 0.376953 0.688477 0.527344 0.146484