2 0.696875 0.403125 0.178125 0.178125
2 0.458594 0.206250 0.101562 0.065625
4 0.114844 0.182031 0.064062 0.060937
3 0.343750 0.186719 0.093750 0.060937
4 0.739844 0.265625 0.064062 0.059375
2 0.257812 0.180469 0.093750 0.073438
3 0.856250 0.121875 0.075000 0.037500
2 0.156250 0.170313 0.059375 0.059375
2 0.480469 0.446875 0.257812 0.256250
2 0.337500 0.268750 0.271875 0.115625
4 0.030469 0.185156 0.057813 0.067187
4 0.157031 0.262500 0.060937 0.034375
1 0.922656 0.126562 0.039062 0.037500
3 0.035156 0.236719 0.067187 0.076563
2 0.532031 0.173437 0.039062 0.021875
4 0.507031 0.149219 0.064062 0.054688
2 0.532031 0.173437 0.039062 0.021875
1 0.180469 0.119531 0.039062 0.029687
2 0.989844 0.129688 0.020313 0.068750
5 0.835156 0.132812 0.329688 0.100000
3 0.435937 0.096875 0.025000 0.021875
1 0.502344 0.110937 0.026562 0.018750
8 0.104688 0.139063 0.206250 0.046875