2 0.615625 0.280469 0.212500 0.135937
3 0.833594 0.569531 0.332813 0.298438
2 0.182812 0.264062 0.131250 0.106250
1 0.521875 0.663281 0.165625 0.120313
3 0.042969 0.390625 0.082812 0.121875
3 0.389844 0.142969 0.076563 0.032813
1 0.076563 0.266406 0.118750 0.101562
2 0.531250 0.135156 0.084375 0.042188
1 0.441406 0.142187 0.026562 0.028125
4 0.238281 0.197656 0.085938 0.054688
2 0.946094 0.264844 0.107813 0.092188
2 0.453125 0.237500 0.071875 0.071875
2 0.964063 0.289062 0.071875 0.143750
4 0.332031 0.345313 0.048438 0.050000
4 0.834375 0.146875 0.043750 0.071875
4 0.718750 0.220312 0.037500 0.037500
3 0.337500 0.248438 0.103125 0.093750
2 0.452344 0.237500 0.073438 0.071875
3 0.684375 0.154688 0.043750 0.071875
3 0.684375 0.154688 0.043750 0.071875
7 0.422656 0.142187 0.382812 0.075000