2 0.870117 0.353516 0.107422 0.082031
2 0.790039 0.200195 0.119141 0.064453
1 0.672852 0.282227 0.130859 0.064453
4 0.650391 0.330078 0.046875 0.054688
3 0.603516 0.372070 0.046875 0.056641
3 0.527344 0.341797 0.089844 0.058594
4 0.510742 0.291016 0.052734 0.062500
4 0.247070 0.416016 0.076172 0.050781
1 0.144531 0.625977 0.078125 0.087891
2 0.060547 0.563477 0.117188 0.126953
1 0.016602 0.494141 0.029297 0.054688
1 0.078125 0.301758 0.050781 0.044922
3 0.100586 0.282227 0.060547 0.041016
2 0.273438 0.291992 0.078125 0.056641
2 0.195312 0.370117 0.097656 0.060547
3 0.485352 0.260742 0.103516 0.048828
1 0.651367 0.233398 0.041016 0.033203
4 0.808594 0.216797 0.039062 0.023438
5 0.624023 0.223633 0.498047 0.130859