4 0.879883 0.554688 0.158203 0.320312
1 0.972656 0.641602 0.054688 0.236328
3 0.875000 0.414062 0.195312 0.179688
4 0.886719 0.353516 0.226562 0.195312
4 0.466797 0.489258 0.238281 0.255859
4 0.734375 0.130859 0.195312 0.187500
3 0.443359 0.088867 0.238281 0.173828
3 0.533203 0.054688 0.097656 0.105469
3 0.320312 0.217773 0.179688 0.251953
1 0.171875 0.536133 0.222656 0.248047
3 0.135742 0.725586 0.244141 0.244141
1 0.113281 0.421875 0.210938 0.246094
4 0.204102 0.310547 0.197266 0.199219
1 0.046875 0.193359 0.085938 0.175781
2 0.091797 0.091797 0.179688 0.175781
4 0.187500 0.099609 0.101562 0.187500
1 0.122070 0.197266 0.087891 0.082031