2 0.735156 0.216406 0.164062 0.098437
1 0.452344 0.496875 0.107813 0.093750
3 0.142969 0.232031 0.114062 0.095312
3 0.647656 0.400000 0.220312 0.206250
2 0.260937 0.214844 0.075000 0.073438
2 0.292969 0.121094 0.089063 0.042188
3 0.455469 0.129688 0.039062 0.065625
4 0.182812 0.317188 0.043750 0.046875
2 0.036719 0.256250 0.070312 0.109375
3 0.138281 0.132031 0.085938 0.032813
7 0.194531 0.133594 0.385937 0.079687
1 0.196875 0.127344 0.034375 0.032813
2 0.425781 0.231250 0.179688 0.121875
9 0.945312 0.160938 0.109375 0.068750
3 0.917969 0.339844 0.164062 0.242188
4 0.580469 0.111719 0.032813 0.073438