2 0.765625 0.230469 0.146875 0.114062
2 0.346094 0.228906 0.123438 0.101562
2 0.569531 0.200781 0.070312 0.067187
4 0.045312 0.337500 0.087500 0.159375
1 0.238281 0.235156 0.114062 0.104688
4 0.557813 0.294531 0.040625 0.042188
4 0.086719 0.274219 0.132812 0.110937
3 0.688281 0.127344 0.042188 0.067187
3 0.370312 0.119531 0.078125 0.032813
3 0.485156 0.213281 0.082812 0.089063
1 0.195312 0.325000 0.093750 0.112500
1 0.169531 0.473438 0.185938 0.203125
4 0.307031 0.483594 0.126562 0.129688
4 0.812500 0.121875 0.040625 0.059375
2 0.978125 0.221875 0.043750 0.078125
1 0.982031 0.475781 0.035937 0.135937
2 0.503906 0.113281 0.079687 0.039062
7 0.415625 0.116406 0.390625 0.082812
4 0.282813 0.171094 0.050000 0.035937
3 0.378125 0.407813 0.090625 0.084375
3 0.283594 0.371875 0.192188 0.121875
3 0.332813 0.315625 0.146875 0.090625