4 0.547656 0.329688 0.142187 0.146875
3 0.428906 0.167187 0.082812 0.065625
1 0.432031 0.278125 0.095312 0.118750
1 0.618750 0.241406 0.093750 0.089063
2 0.063281 0.264062 0.123438 0.071875
3 0.500781 0.230469 0.073438 0.039062
2 0.273438 0.471875 0.221875 0.209375
3 0.400000 0.254688 0.065625 0.093750
4 0.315625 0.358594 0.159375 0.129688
3 0.431250 0.118750 0.028125 0.028125
9 0.083594 0.342187 0.164062 0.153125
4 0.593750 0.121875 0.043750 0.040625
3 0.867188 0.258594 0.265625 0.457813
3 0.517969 0.744531 0.201563 0.179688
4 0.091406 0.478906 0.179688 0.170313
7 0.756250 0.137500 0.181250 0.053125
2 0.503906 0.125000 0.051562 0.034375
4 0.247656 0.256250 0.057813 0.028125
2 0.108594 0.196094 0.198437 0.076563
2 0.137500 0.158594 0.096875 0.060937
2 0.096875 0.121094 0.056250 0.029687
9 0.110937 0.141406 0.218750 0.051562
1 0.779687 0.129688 0.068750 0.025000
1 0.483594 0.189844 0.045312 0.017188
1 0.543750 0.143750 0.040625 0.021875
1 0.537500 0.112500 0.059375 0.034375
1 0.495312 0.096875 0.037500 0.025000
2 0.307812 0.117969 0.034375 0.032813
4 0.249219 0.121094 0.042188 0.035937