3 0.568359 0.162109 0.160156 0.175781
3 0.683594 0.186523 0.128906 0.134766
3 0.528320 0.755859 0.220703 0.402344
3 0.104492 0.388672 0.134766 0.164062
1 0.694336 0.384766 0.216797 0.164062
1 0.624023 0.478516 0.142578 0.164062
2 0.793945 0.172852 0.111328 0.185547
2 0.907227 0.263672 0.158203 0.136719
2 0.858398 0.775391 0.283203 0.406250
2 0.379883 0.024414 0.134766 0.044922
2 0.804688 0.092773 0.101562 0.095703
2 0.077148 0.089844 0.150391 0.144531
1 0.098633 0.197266 0.193359 0.234375
4 0.187500 0.187500 0.144531 0.218750
4 0.078125 0.458008 0.152344 0.181641