2 0.585938 0.376563 0.121875 0.159375
3 0.360156 0.252344 0.120313 0.089063
3 0.095312 0.187500 0.053125 0.062500
3 0.807813 0.187500 0.156250 0.275000
1 0.043750 0.134375 0.043750 0.034375
1 0.471094 0.220312 0.067187 0.075000
3 0.943750 0.417969 0.109375 0.098437
1 0.410938 0.266406 0.093750 0.092188
1 0.195312 0.372656 0.218750 0.182812
4 0.211719 0.142187 0.054688 0.040625
2 0.120313 0.150781 0.065625 0.035937
2 0.077344 0.354687 0.151562 0.171875
4 0.643750 0.137500 0.046875 0.031250
1 0.410156 0.133594 0.035937 0.029687
4 0.577344 0.267969 0.139063 0.126562
4 0.479687 0.419531 0.175000 0.142187
4 0.474219 0.313281 0.117188 0.107813
1 0.235937 0.215625 0.062500 0.028125
7 0.498437 0.137500 0.409375 0.065625
4 0.522656 0.132031 0.101562 0.032813
1 0.132031 0.141406 0.070312 0.035937