4 0.721680 0.238281 0.076172 0.097656
4 0.213867 0.567383 0.123047 0.216797
4 0.320312 0.441406 0.113281 0.136719
4 0.475586 0.664062 0.333984 0.214844
4 0.874023 0.369141 0.107422 0.160156
3 0.583008 0.393555 0.244141 0.115234
3 0.879883 0.571289 0.134766 0.142578
3 0.629883 0.289062 0.115234 0.109375
3 0.144531 0.906250 0.246094 0.187500
1 0.037109 0.634766 0.070312 0.121094
1 0.150391 0.266602 0.183594 0.119141
1 0.375000 0.274414 0.089844 0.130859
1 0.849609 0.446289 0.175781 0.107422
2 0.946289 0.279297 0.107422 0.109375
2 0.123047 0.400391 0.242188 0.109375
2 0.095703 0.317383 0.121094 0.080078
9 0.322266 0.255859 0.640625 0.132812