2 0.125000 0.196875 0.081250 0.087500
1 0.504687 0.165625 0.059375 0.046875
3 0.828125 0.135156 0.084375 0.042188
2 0.316406 0.225781 0.123438 0.076563
3 0.200781 0.212500 0.098437 0.090625
3 0.892188 0.202344 0.046875 0.051562
4 0.539062 0.290625 0.068750 0.065625
4 0.021875 0.189062 0.040625 0.065625
2 0.025781 0.424219 0.048438 0.154688
4 0.423438 0.160938 0.056250 0.056250
2 0.319531 0.463281 0.182812 0.198437
2 0.968750 0.139844 0.056250 0.079687
2 0.058594 0.176563 0.051562 0.059375
2 0.443750 0.185938 0.043750 0.018750
1 0.888281 0.138281 0.042188 0.039062
5 0.813281 0.150000 0.373437 0.115625
8 0.095312 0.146094 0.187500 0.048438