3 0.801562 0.124219 0.106250 0.176563
2 0.436719 0.244531 0.139063 0.123438
3 0.246875 0.257812 0.156250 0.125000
3 0.193750 0.159375 0.090625 0.068750
2 0.082031 0.314844 0.123438 0.157812
4 0.665625 0.207031 0.090625 0.110937
2 0.267969 0.139844 0.048438 0.039062
2 0.348438 0.633594 0.090625 0.148438
2 0.042969 0.195312 0.082812 0.078125
3 0.092188 0.150000 0.062500 0.081250
3 0.482031 0.177344 0.101562 0.045312
4 0.753906 0.240625 0.126562 0.081250
3 0.043750 0.129688 0.028125 0.065625
1 0.566406 0.246875 0.129688 0.125000
1 0.269531 0.179688 0.045312 0.021875
4 0.103125 0.126562 0.056250 0.043750
1 0.339062 0.150781 0.037500 0.020313
4 0.368750 0.132812 0.034375 0.021875
4 0.421094 0.109375 0.095312 0.037500
4 0.512500 0.110937 0.037500 0.028125
7 0.378906 0.114844 0.379688 0.054688
1 0.235937 0.852344 0.459375 0.295312
4 0.588281 0.823438 0.414062 0.331250