2 0.627344 0.432812 0.217188 0.237500
2 0.273438 0.191406 0.096875 0.082812
2 0.398438 0.271094 0.268750 0.117188
3 0.367969 0.191406 0.092188 0.057813
2 0.481250 0.200781 0.090625 0.051562
2 0.967969 0.139844 0.064062 0.060937
1 0.886719 0.137500 0.035937 0.034375
4 0.115625 0.188281 0.062500 0.064062
4 0.196094 0.266406 0.070312 0.035937
4 0.776563 0.266406 0.062500 0.057813
2 0.802344 0.397656 0.157812 0.164062
2 0.528125 0.180469 0.037500 0.020313
4 0.502344 0.157031 0.064062 0.051562
3 0.819531 0.131250 0.070312 0.034375
4 0.022656 0.181250 0.042188 0.050000
3 0.368750 0.190625 0.093750 0.056250
2 0.154688 0.171875 0.059375 0.062500
4 0.776563 0.267188 0.062500 0.059375
8 0.100000 0.142969 0.196875 0.048438
3 0.042969 0.239063 0.082812 0.090625
1 0.153906 0.122656 0.064062 0.029687
1 0.474219 0.123438 0.035937 0.043750
3 0.397656 0.100781 0.032813 0.029687
5 0.822656 0.146875 0.354687 0.090625