2 0.829688 0.192188 0.075000 0.062500
5 0.706250 0.228125 0.587500 0.237500
2 0.057031 0.117969 0.051562 0.039062
1 0.316406 0.151562 0.070312 0.050000
3 0.495312 0.192969 0.037500 0.026562
2 0.964844 0.192969 0.070312 0.092188
1 0.777344 0.158594 0.067187 0.073438
3 0.432812 0.154688 0.031250 0.034375
4 0.228906 0.146875 0.039062 0.040625
4 0.494531 0.146875 0.039062 0.031250
4 0.289844 0.107031 0.054688 0.032813
2 0.309375 0.096875 0.050000 0.031250
3 0.316406 0.118750 0.026562 0.021875
2 0.878906 0.180469 0.073438 0.132812