4 0.242188 0.172656 0.056250 0.051562
3 0.128125 0.155469 0.081250 0.051562
1 0.362500 0.200781 0.087500 0.067187
3 0.862500 0.247656 0.140625 0.107813
1 0.545312 0.148438 0.062500 0.050000
2 0.794531 0.139844 0.045312 0.045312
8 0.810937 0.162500 0.353125 0.040625
4 0.379688 0.313281 0.065625 0.042188
4 0.847656 0.157031 0.042188 0.035937
1 0.156250 0.289062 0.075000 0.037500
3 0.464062 0.127344 0.031250 0.029687
2 0.297656 0.122656 0.032813 0.029687
3 0.876563 0.406250 0.168750 0.293750
4 0.683594 0.142969 0.035937 0.023438
4 0.639844 0.118750 0.045312 0.040625