4 0.531250 0.314844 0.137500 0.151562
2 0.269531 0.444531 0.210938 0.198437
4 0.310937 0.346094 0.156250 0.126562
1 0.603906 0.238281 0.089063 0.089063
2 0.063281 0.253906 0.123438 0.060937
2 0.603906 0.157031 0.042188 0.045312
3 0.392969 0.246875 0.067187 0.090625
1 0.424219 0.271875 0.082812 0.112500
3 0.490625 0.225781 0.068750 0.035937
3 0.428906 0.167969 0.064062 0.060937
2 0.095312 0.126562 0.046875 0.034375
2 0.292969 0.150781 0.079687 0.060937
2 0.204687 0.174219 0.143750 0.060937
3 0.410156 0.133594 0.054688 0.070312
2 0.064062 0.171875 0.065625 0.059375
4 0.083594 0.456250 0.160938 0.156250
1 0.674219 0.177344 0.039062 0.017188
4 0.584375 0.122656 0.050000 0.039062
1 0.532031 0.118750 0.048438 0.037500
1 0.488281 0.103906 0.026562 0.029687
1 0.471875 0.143750 0.028125 0.028125
2 0.296875 0.117188 0.021875 0.021875
3 0.013281 0.214844 0.023438 0.029687
4 0.239844 0.252344 0.067187 0.026562
3 0.676562 0.869531 0.243750 0.220312
3 0.854688 0.253125 0.290625 0.415625
6 0.823438 0.153906 0.353125 0.104688
1 0.080469 0.320312 0.157812 0.140625
4 0.242188 0.125000 0.040625 0.046875
9 0.105469 0.143750 0.207813 0.037500
1 0.471875 0.196094 0.050000 0.020313