3 0.373437 0.256250 0.137500 0.115625
2 0.925781 0.342969 0.110937 0.048438
2 0.450781 0.219531 0.101562 0.101562
4 0.603125 0.191406 0.071875 0.060937
2 0.354687 0.319531 0.196875 0.129688
3 0.472656 0.102344 0.054688 0.117188
2 0.042969 0.305469 0.082812 0.157812
1 0.354687 0.182812 0.059375 0.050000
4 0.213281 0.262500 0.051562 0.028125
3 0.282813 0.197656 0.078125 0.064062
1 0.532813 0.207031 0.071875 0.089063
4 0.975000 0.287500 0.050000 0.118750
3 0.223438 0.199219 0.043750 0.042188
8 0.801562 0.148438 0.396875 0.043750
4 0.439844 0.166406 0.085938 0.054688
7 0.057813 0.160156 0.112500 0.045312