2 0.168945 0.064453 0.212891 0.125000
2 0.653320 0.416992 0.138672 0.267578
2 0.944336 0.362305 0.111328 0.169922
2 0.899414 0.104492 0.126953 0.115234
2 0.805664 0.061523 0.091797 0.119141
2 0.849609 0.021484 0.082031 0.039062
1 0.649414 0.193359 0.185547 0.125000
1 0.569336 0.253906 0.123047 0.125000
1 0.199219 0.100586 0.218750 0.166016
1 0.947266 0.560547 0.105469 0.316406
4 0.508789 0.569336 0.146484 0.267578
4 0.042969 0.750977 0.082031 0.208984
4 0.092773 0.252930 0.181641 0.150391
4 0.283203 0.085938 0.101562 0.167969
3 0.159180 0.216797 0.107422 0.125000
3 0.399414 0.408203 0.228516 0.261719
3 0.154297 0.664062 0.167969 0.355469
3 0.606445 0.062500 0.134766 0.121094
3 0.714844 0.066406 0.105469 0.105469