2 0.156250 0.509766 0.195312 0.183594
2 0.294922 0.160156 0.089844 0.152344
2 0.822266 0.258789 0.277344 0.115234
2 0.850586 0.165039 0.134766 0.087891
2 0.739258 0.086914 0.119141 0.134766
3 0.348633 0.300781 0.134766 0.136719
3 0.474609 0.415039 0.132812 0.138672
3 0.482422 0.846680 0.246094 0.287109
3 0.495117 0.089844 0.173828 0.125000
1 0.137695 0.312500 0.150391 0.144531
1 0.110352 0.237305 0.123047 0.076172
1 0.556641 0.484375 0.140625 0.148438
1 0.932617 0.108398 0.134766 0.130859
4 0.780273 0.453125 0.123047 0.226562
4 0.923828 0.575195 0.152344 0.216797
4 0.964844 0.321289 0.070312 0.154297
9 0.859375 0.074219 0.281250 0.140625