3 0.845703 0.950195 0.097656 0.099609
3 0.623047 0.876953 0.097656 0.121094
3 0.789062 0.659180 0.117188 0.056641
3 0.760742 0.682617 0.037109 0.037109
3 0.086914 0.679688 0.169922 0.074219
1 0.606445 0.785156 0.076172 0.109375
1 0.360352 0.842773 0.099609 0.091797
1 0.177734 0.640625 0.042969 0.042969
2 0.311523 0.619141 0.138672 0.070312
2 0.025391 0.900391 0.046875 0.128906
2 0.412109 0.897461 0.109375 0.099609
4 0.355469 0.645508 0.039062 0.037109
4 0.163086 0.822266 0.111328 0.093750
4 0.195312 0.964844 0.167969 0.070312
4 0.408203 0.946289 0.250000 0.107422
4 0.792969 0.875000 0.062500 0.058594
4 0.345703 0.764648 0.105469 0.099609
5 0.244141 0.647461 0.484375 0.142578