4 0.171875 0.616211 0.066406 0.068359
4 0.307617 0.605469 0.041016 0.042969
4 0.181641 0.552734 0.058594 0.046875
4 0.445312 0.520508 0.027344 0.029297
3 0.871094 0.525391 0.117188 0.050781
3 0.776367 0.542969 0.033203 0.027344
3 0.800781 0.878906 0.144531 0.136719
3 0.298828 0.657227 0.042969 0.044922
3 0.218750 0.603516 0.062500 0.050781
3 0.150391 0.525391 0.109375 0.046875
1 0.329102 0.562500 0.126953 0.058594
1 0.131836 0.602539 0.064453 0.056641
1 0.309570 0.517578 0.029297 0.023438
2 0.495117 0.649414 0.083984 0.072266
2 0.438477 0.503906 0.103516 0.046875
2 0.978516 0.771484 0.042969 0.140625
2 0.021484 0.654297 0.039062 0.062500
5 0.269531 0.515625 0.480469 0.082031
9 0.825195 0.774414 0.349609 0.232422