2 0.314063 0.464844 0.200000 0.201563
2 0.064062 0.196875 0.090625 0.093750
2 0.270313 0.223438 0.128125 0.078125
1 0.457813 0.160156 0.062500 0.045312
3 0.763281 0.125781 0.070312 0.039062
3 0.835938 0.190625 0.040625 0.043750
4 0.371875 0.154688 0.059375 0.053125
2 0.899219 0.127344 0.064062 0.073438
4 0.512500 0.283594 0.068750 0.067187
2 0.394531 0.181250 0.045312 0.021875
3 0.149219 0.213281 0.104688 0.095312
1 0.828906 0.128906 0.048438 0.045312
3 0.148438 0.213281 0.103125 0.092188
2 0.954688 0.135156 0.087500 0.048438
5 0.785156 0.155469 0.429688 0.089063
8 0.059375 0.142187 0.115625 0.031250