2 0.639062 0.229687 0.159375 0.115625
2 0.460938 0.203125 0.065625 0.068750
3 0.913281 0.403906 0.173437 0.204687
2 0.219531 0.235156 0.139063 0.104688
3 0.361719 0.216406 0.089063 0.092188
2 0.946094 0.224219 0.107813 0.101562
3 0.605469 0.125781 0.039062 0.070312
4 0.421094 0.296875 0.039062 0.043750
4 0.074219 0.512500 0.142187 0.140625
1 0.794531 0.491406 0.089063 0.092188
1 0.100000 0.241406 0.125000 0.101562
3 0.296094 0.122656 0.073438 0.032813
7 0.332031 0.124219 0.401562 0.073438
3 0.078906 0.385937 0.148438 0.121875
4 0.178906 0.181250 0.057813 0.037500
2 0.432031 0.114062 0.079687 0.037500
1 0.028125 0.321875 0.053125 0.081250
4 0.175000 0.179688 0.050000 0.034375
1 0.343750 0.116406 0.021875 0.026562
4 0.732812 0.118750 0.034375 0.065625
2 0.886719 0.206250 0.089063 0.090625
3 0.175781 0.421875 0.110937 0.093750
3 0.160156 0.342187 0.154688 0.121875