2 0.678125 0.290625 0.296875 0.131250
3 0.260937 0.233594 0.084375 0.082812
4 0.695312 0.164844 0.065625 0.054688
4 0.324219 0.187500 0.064062 0.062500
3 0.069531 0.429688 0.135937 0.225000
2 0.705469 0.210938 0.085938 0.062500
3 0.178906 0.233594 0.067187 0.073438
3 0.084375 0.691406 0.165625 0.307812
3 0.589844 0.198437 0.104688 0.062500
4 0.208594 0.182812 0.076563 0.050000
2 0.485938 0.195312 0.087500 0.081250
4 0.043750 0.263281 0.065625 0.060937
1 0.323437 0.124219 0.037500 0.032813
2 0.947656 0.508594 0.104688 0.245312
5 0.912500 0.153906 0.171875 0.057813
4 0.424219 0.270313 0.067187 0.034375
3 0.117969 0.134375 0.098437 0.159375
1 0.072656 0.240625 0.085938 0.084375
1 0.443750 0.185156 0.087500 0.082812
4 0.391406 0.177344 0.045312 0.048438
1 0.637500 0.121875 0.028125 0.025000
3 0.560156 0.106250 0.026562 0.021875
8 0.176563 0.148438 0.350000 0.059375
3 0.141406 0.257812 0.070312 0.056250