2 0.435937 0.253125 0.256250 0.143750
3 0.182812 0.554688 0.362500 0.315625
3 0.213281 0.210938 0.126562 0.093750
2 0.065625 0.224219 0.128125 0.101562
2 0.858594 0.273438 0.189062 0.156250
4 0.630469 0.195312 0.045312 0.046875
3 0.404687 0.104688 0.068750 0.034375
2 0.554688 0.098437 0.093750 0.043750
2 0.337500 0.202344 0.075000 0.070312
3 0.676562 0.117969 0.043750 0.076563
4 0.138281 0.310156 0.067187 0.045312
4 0.182812 0.156250 0.053125 0.040625
7 0.442188 0.104688 0.393750 0.059375
1 0.458594 0.101562 0.032813 0.031250
4 0.860156 0.114062 0.054688 0.078125
3 0.690625 0.611719 0.253125 0.435937