1 0.117188 0.154688 0.062500 0.040625
2 0.656250 0.146094 0.118750 0.067187
1 0.494531 0.131250 0.048438 0.040625
2 0.542969 0.148438 0.051562 0.043750
2 0.053906 0.111719 0.042188 0.026562
3 0.228125 0.153125 0.031250 0.031250
4 0.947656 0.358594 0.104688 0.167187
2 0.584375 0.121094 0.040625 0.051562
3 0.073438 0.131250 0.018750 0.021875
4 0.020313 0.155469 0.037500 0.029687
5 0.504687 0.157031 0.537500 0.126562
1 0.963281 0.242969 0.073438 0.079687
3 0.310937 0.174219 0.043750 0.017188
4 0.280469 0.139063 0.032813 0.018750
4 0.035156 0.125781 0.042188 0.026562