4 0.287500 0.471094 0.121875 0.107813
1 0.923438 0.228906 0.090625 0.070312
2 0.055469 0.307031 0.107813 0.173437
3 0.192188 0.194531 0.093750 0.064062
2 0.443750 0.261719 0.162500 0.092188
3 0.318750 0.095312 0.062500 0.096875
3 0.380469 0.211719 0.117188 0.101562
4 0.497656 0.165625 0.035937 0.046875
1 0.264062 0.181250 0.065625 0.062500
4 0.314063 0.164062 0.087500 0.062500
3 0.126562 0.199219 0.046875 0.042188
2 0.792969 0.240625 0.067187 0.028125
1 0.132031 0.167969 0.035937 0.039062
4 0.814844 0.201563 0.076563 0.071875
4 0.194531 0.249219 0.064062 0.026562
8 0.567187 0.133594 0.346875 0.026562
4 0.089844 0.190625 0.045312 0.043750