3 0.839844 0.131250 0.070312 0.037500
4 0.645312 0.266406 0.059375 0.057813
1 0.552344 0.159375 0.057813 0.040625
4 0.091406 0.180469 0.054688 0.054688
3 0.295312 0.198437 0.087500 0.081250
2 0.137500 0.348438 0.271875 0.162500
2 0.129688 0.170313 0.065625 0.056250
3 0.922656 0.190625 0.042188 0.043750
2 0.404687 0.209375 0.103125 0.068750
2 0.213281 0.184375 0.085938 0.078125
4 0.471875 0.153906 0.053125 0.051562
4 0.019531 0.196094 0.035937 0.101562
2 0.496094 0.178125 0.039062 0.021875
1 0.100781 0.722656 0.198437 0.173437
2 0.973437 0.134375 0.053125 0.075000
1 0.904687 0.132031 0.046875 0.042188
2 0.524219 0.390625 0.176563 0.168750
4 0.107031 0.252344 0.076563 0.029687
5 0.823438 0.143750 0.353125 0.109375
8 0.107031 0.142969 0.210938 0.039062