4 0.951172 0.429688 0.097656 0.089844
1 0.703125 0.325195 0.117188 0.072266
3 0.736328 0.289062 0.078125 0.074219
4 0.637695 0.213867 0.056641 0.103516
1 0.500977 0.427734 0.087891 0.093750
4 0.323242 0.379883 0.201172 0.111328
4 0.275391 0.426758 0.058594 0.041016
2 0.277344 0.481445 0.234375 0.130859
1 0.192383 0.587891 0.080078 0.082031
1 0.277344 0.263672 0.074219 0.078125
3 0.143555 0.326172 0.119141 0.062500
4 0.116211 0.294922 0.103516 0.066406
4 0.026367 0.350586 0.048828 0.103516
8 0.784180 0.174805 0.431641 0.044922