2 0.679688 0.491211 0.074219 0.076172
2 0.289062 0.502930 0.089844 0.060547
1 0.780273 0.429688 0.060547 0.058594
1 0.306641 0.395508 0.058594 0.048828
1 0.038086 0.599609 0.064453 0.074219
1 0.269531 0.660156 0.183594 0.125000
4 0.020508 0.440430 0.033203 0.064453
4 0.337891 0.404297 0.046875 0.042969
4 0.352539 0.533203 0.064453 0.066406
4 0.430664 0.580078 0.087891 0.093750
3 0.503906 0.459961 0.082031 0.048828
3 0.750977 0.549805 0.087891 0.099609
3 0.939453 0.417969 0.066406 0.062500
8 0.348633 0.418945 0.392578 0.041016
5 0.853516 0.628906 0.292969 0.253906