2 0.848633 0.262695 0.115234 0.103516
2 0.084961 0.362305 0.166016 0.099609
2 0.039062 0.279297 0.074219 0.074219
3 0.534180 0.264648 0.111328 0.103516
3 0.500000 0.361328 0.242188 0.113281
3 0.793945 0.527344 0.126953 0.136719
3 0.131836 0.863281 0.236328 0.253906
1 0.282227 0.245117 0.087891 0.126953
1 0.077148 0.232422 0.150391 0.125000
1 0.756836 0.412109 0.162109 0.101562
1 0.977539 0.586914 0.044922 0.119141
4 0.250977 0.399414 0.111328 0.126953
4 0.621094 0.217773 0.078125 0.095703
4 0.772461 0.338867 0.083984 0.146484
4 0.971680 0.458008 0.056641 0.087891
4 0.158203 0.516602 0.117188 0.205078
4 0.420898 0.608398 0.322266 0.201172
9 0.263672 0.229492 0.523438 0.126953