2 0.259766 0.054688 0.121094 0.101562
2 0.075195 0.239258 0.142578 0.212891
2 0.646484 0.032227 0.089844 0.060547
2 0.702148 0.077148 0.083984 0.150391
2 0.813477 0.113281 0.126953 0.113281
2 0.930664 0.435547 0.138672 0.210938
3 0.506836 0.127930 0.103516 0.134766
3 0.609375 0.113281 0.093750 0.105469
3 0.281250 0.367188 0.074219 0.058594
3 0.043945 0.875000 0.083984 0.125000
3 0.792969 0.530273 0.226562 0.291016
3 0.856445 0.837891 0.287109 0.324219
3 0.869141 0.925781 0.121094 0.148438
4 0.265625 0.232422 0.113281 0.187500
4 0.194336 0.471680 0.357422 0.169922
4 0.506836 0.868164 0.232422 0.208984
1 0.121094 0.048828 0.132812 0.093750
1 0.150391 0.275391 0.144531 0.222656
1 0.725586 0.253906 0.189453 0.109375
1 0.714844 0.325195 0.132812 0.126953
1 0.971680 0.125977 0.056641 0.123047