1 0.838281 0.410156 0.245312 0.217188
3 0.233594 0.149219 0.042188 0.039062
2 0.462500 0.243750 0.040625 0.031250
4 0.369531 0.235156 0.079687 0.079687
4 0.464062 0.160938 0.062500 0.037500
1 0.292969 0.225781 0.035937 0.023438
4 0.314063 0.153906 0.112500 0.032813
4 0.145313 0.192969 0.031250 0.017188
1 0.083594 0.154688 0.057813 0.084375
6 0.301563 0.165625 0.400000 0.071875
3 0.546875 0.178906 0.103125 0.067187
1 0.020313 0.353906 0.037500 0.079687
1 0.024219 0.137500 0.032813 0.018750
3 0.021094 0.164062 0.039062 0.059375