4 0.657031 0.317969 0.167187 0.120313
4 0.497656 0.358594 0.126562 0.120313
1 0.189062 0.375000 0.237500 0.178125
2 0.543750 0.449219 0.165625 0.195312
3 0.449219 0.267188 0.073438 0.084375
1 0.607031 0.240625 0.079687 0.071875
1 0.648438 0.143750 0.040625 0.025000
4 0.767188 0.145313 0.106250 0.034375
3 0.951562 0.598437 0.096875 0.140625
3 0.021094 0.330469 0.039062 0.110937
2 0.110937 0.343750 0.196875 0.159375
2 0.372656 0.143750 0.048438 0.040625
3 0.364063 0.192188 0.078125 0.065625
3 0.308594 0.182812 0.029687 0.065625
3 0.307031 0.143750 0.035937 0.031250
4 0.385937 0.480469 0.146875 0.170313
3 0.917969 0.235156 0.164062 0.354687
7 0.739844 0.153125 0.414062 0.084375
1 0.516406 0.286719 0.104688 0.089063
2 0.089844 0.232813 0.176563 0.071875
4 0.575781 0.232813 0.039062 0.037500
4 0.460156 0.144531 0.048438 0.042188
4 0.896094 0.156250 0.039062 0.040625
4 0.095312 0.158594 0.040625 0.042188
4 0.250000 0.281250 0.068750 0.037500
2 0.142187 0.150781 0.034375 0.035937
1 0.396094 0.142187 0.064062 0.043750
1 0.340625 0.132031 0.034375 0.035937
4 0.577344 0.237500 0.042188 0.040625