3 0.511719 0.203906 0.098437 0.051562
2 0.054688 0.241406 0.106250 0.135937
3 0.400000 0.214844 0.087500 0.104688
2 0.147656 0.486719 0.251563 0.248438
1 0.642969 0.217969 0.101562 0.104688
3 0.471875 0.114062 0.087500 0.084375
2 0.159375 0.054688 0.046875 0.031250
4 0.511719 0.319531 0.170313 0.182812
2 0.182812 0.121094 0.084375 0.120313
4 0.243750 0.208594 0.068750 0.029687
1 0.050781 0.306250 0.098437 0.175000
4 0.242188 0.350000 0.184375 0.153125
2 0.574219 0.073438 0.045312 0.034375
3 0.500781 0.060937 0.032813 0.034375
3 0.209375 0.845313 0.268750 0.215625
3 0.847656 0.282813 0.304688 0.562500
2 0.124219 0.135937 0.217188 0.096875
1 0.420312 0.257812 0.103125 0.143750
9 0.137500 0.075781 0.271875 0.045312
4 0.677344 0.073438 0.060937 0.046875
1 0.619531 0.063281 0.051562 0.042188
1 0.577344 0.044531 0.026562 0.023438
2 0.371875 0.057031 0.028125 0.029687
4 0.313281 0.055469 0.045312 0.045312
1 0.015625 0.064062 0.028125 0.034375