3 0.133594 0.185156 0.092188 0.067187
1 0.445312 0.199219 0.068750 0.073438
4 0.487500 0.342187 0.137500 0.106250
3 0.851562 0.329688 0.087500 0.081250
3 0.062500 0.182812 0.059375 0.059375
2 0.571875 0.307812 0.106250 0.125000
3 0.335938 0.228906 0.103125 0.079687
1 0.392188 0.236719 0.068750 0.085938
2 0.110937 0.310156 0.146875 0.148438
4 0.541406 0.234375 0.110937 0.096875
1 0.250000 0.321094 0.153125 0.151562
3 0.728125 0.162500 0.115625 0.240625
4 0.464844 0.123438 0.098437 0.031250
1 0.350781 0.128125 0.029687 0.028125
7 0.429688 0.139063 0.396875 0.053125
1 0.208594 0.202344 0.051562 0.014063
4 0.157812 0.139844 0.075000 0.051562
1 0.064844 0.132031 0.085938 0.042188
4 0.460156 0.273438 0.114062 0.103125
4 0.572656 0.125000 0.039062 0.031250