3 0.796875 0.229687 0.115625 0.103125
2 0.115625 0.242188 0.140625 0.103125
2 0.474219 0.189062 0.076563 0.087500
1 0.185156 0.340625 0.139063 0.125000
4 0.503906 0.370312 0.095312 0.090625
2 0.843750 0.121094 0.046875 0.035937
2 0.642188 0.157812 0.068750 0.068750
2 0.021875 0.135937 0.040625 0.040625
3 0.221094 0.212500 0.117188 0.087500
4 0.401562 0.165625 0.031250 0.031250
4 0.028125 0.403125 0.053125 0.150000
2 0.278906 0.190625 0.054688 0.062500
1 0.777344 0.280469 0.048438 0.042188
3 0.257031 0.128906 0.035937 0.067187
2 0.576562 0.156250 0.056250 0.056250
1 0.711719 0.113281 0.029687 0.026562
3 0.220312 0.212500 0.115625 0.087500
3 0.886719 0.188281 0.048438 0.114062
9 0.779687 0.128906 0.353125 0.048438
4 0.973437 0.136719 0.053125 0.057813
4 0.378906 0.254688 0.076563 0.034375
4 0.344531 0.114062 0.035937 0.059375
7 0.071094 0.145313 0.139063 0.075000
1 0.046875 0.255469 0.090625 0.129688
3 0.443750 0.326562 0.090625 0.084375
1 0.417187 0.389844 0.196875 0.176563
3 0.325000 0.331250 0.156250 0.106250
3 0.305469 0.271875 0.117188 0.059375