4 0.553125 0.392188 0.103125 0.096875
2 0.485938 0.236719 0.146875 0.085938
1 0.837500 0.184375 0.078125 0.062500
3 0.390625 0.204687 0.096875 0.093750
3 0.213281 0.085938 0.073438 0.093750
4 0.185156 0.243750 0.067187 0.028125
2 0.039062 0.597656 0.075000 0.117188
1 0.196875 0.178125 0.078125 0.065625
3 0.058594 0.203906 0.051562 0.048438
4 0.309375 0.162500 0.034375 0.050000
4 0.735156 0.166406 0.060937 0.060937
1 0.047656 0.170313 0.048438 0.037500
4 0.242188 0.157812 0.078125 0.065625
2 0.735156 0.200781 0.054688 0.023438
4 0.236719 0.158594 0.085938 0.067187
4 0.016406 0.194531 0.029687 0.042188
4 0.018750 0.196094 0.034375 0.042188
3 0.114062 0.186719 0.059375 0.057813
3 0.159375 0.195312 0.081250 0.065625
8 0.417969 0.119531 0.329688 0.039062