3 0.316406 0.566406 0.348438 0.301563
3 0.234375 0.229687 0.121875 0.093750
2 0.083594 0.242969 0.135937 0.101562
2 0.894531 0.283594 0.195312 0.145313
2 0.359375 0.218750 0.075000 0.071875
3 0.666406 0.138281 0.045312 0.073438
2 0.539844 0.119531 0.085938 0.039062
4 0.643750 0.211719 0.043750 0.045312
1 0.443750 0.119531 0.028125 0.029687
1 0.092969 0.640625 0.182812 0.109375
4 0.185156 0.178906 0.054688 0.048438
4 0.175000 0.324219 0.062500 0.048438
3 0.392969 0.125781 0.070312 0.032813
4 0.829688 0.132031 0.043750 0.073438
7 0.430469 0.121094 0.373437 0.070312
3 0.863281 0.603906 0.273438 0.410938
2 0.481250 0.266406 0.237500 0.139063