2 0.701562 0.446875 0.093750 0.087500
4 0.191406 0.360156 0.070312 0.067187
1 0.123438 0.291406 0.053125 0.048438
2 0.679688 0.221094 0.031250 0.029687
2 0.167187 0.217188 0.028125 0.028125
1 0.859375 0.171094 0.028125 0.017188
6 0.124219 0.450781 0.245312 0.239063
4 0.433594 0.168750 0.020313 0.021875
4 0.637500 0.198437 0.028125 0.028125
1 0.618750 0.179688 0.018750 0.021875
7 0.831250 0.180469 0.303125 0.035937
3 0.717969 0.165625 0.017188 0.015625
8 0.210938 0.192188 0.287500 0.028125
7 0.832812 0.180469 0.303125 0.035937
1 0.280469 0.196094 0.029687 0.023438
1 0.320312 0.178906 0.021875 0.020313