4 0.308594 0.354687 0.170313 0.134375
2 0.294531 0.467187 0.226562 0.209375
2 0.497656 0.153906 0.042188 0.042188
3 0.339844 0.255469 0.073438 0.098437
3 0.327344 0.171875 0.076563 0.065625
4 0.154688 0.267188 0.071875 0.031250
4 0.095312 0.496094 0.165625 0.173437
2 0.026562 0.285938 0.050000 0.078125
2 0.089844 0.185938 0.176563 0.065625
3 0.289844 0.142969 0.042188 0.089063
3 0.290625 0.140625 0.040625 0.084375
1 0.403906 0.119531 0.057813 0.035937
1 0.396875 0.276562 0.093750 0.112500
1 0.538281 0.222656 0.085938 0.067187
3 0.671875 0.121875 0.034375 0.028125
3 0.433594 0.235156 0.067187 0.045312
1 0.067969 0.361719 0.126562 0.154688
4 0.517188 0.317188 0.159375 0.150000
3 0.435156 0.234375 0.064062 0.043750
3 0.886719 0.786719 0.226562 0.214062
3 0.850781 0.240625 0.257812 0.403125
7 0.764062 0.147656 0.471875 0.089063
4 0.741406 0.130469 0.060937 0.029687
4 0.682813 0.160938 0.031250 0.031250
1 0.570312 0.174219 0.043750 0.020313
3 0.461719 0.122656 0.054688 0.045312
1 0.353906 0.111719 0.035937 0.035937
1 0.378906 0.200000 0.045312 0.018750
2 0.171875 0.160156 0.090625 0.060937
4 0.101562 0.134375 0.053125 0.046875
2 0.153906 0.128125 0.029687 0.025000