1 0.670312 0.200000 0.103125 0.118750
2 0.068750 0.243750 0.134375 0.153125
3 0.705469 0.076563 0.082812 0.150000
3 0.038281 0.142187 0.073438 0.071875
3 0.882031 0.169531 0.051562 0.045312
2 0.272656 0.335938 0.176563 0.193750
4 0.625000 0.135937 0.075000 0.053125
8 0.959375 0.139844 0.081250 0.054688
3 0.406250 0.252344 0.146875 0.142187
4 0.800000 0.195312 0.106250 0.068750
3 0.406250 0.250000 0.150000 0.140625
2 0.556250 0.214062 0.131250 0.121875
1 0.028125 0.089063 0.037500 0.031250
2 0.761719 0.176563 0.073438 0.084375
1 0.432812 0.115625 0.021875 0.028125
3 0.445312 0.153125 0.093750 0.062500
7 0.186719 0.089844 0.370312 0.064062
4 0.300781 0.219531 0.045312 0.042188
1 0.128125 0.164844 0.056250 0.029687
3 0.382031 0.150000 0.032813 0.053125
4 0.282813 0.080469 0.037500 0.035937
4 0.182031 0.078906 0.117188 0.039062