2 0.487305 0.895508 0.216797 0.208984
2 0.427734 0.606445 0.171875 0.330078
2 0.412109 0.535156 0.195312 0.195312
3 0.615234 0.587891 0.222656 0.218750
1 0.577148 0.442383 0.216797 0.205078
4 0.789062 0.372070 0.191406 0.236328
1 0.453125 0.334961 0.183594 0.201172
3 0.303711 0.450195 0.224609 0.240234
2 0.216797 0.368164 0.199219 0.224609
2 0.129883 0.293945 0.212891 0.201172
4 0.450195 0.237305 0.205078 0.173828
4 0.788086 0.064453 0.150391 0.125000
3 0.499023 0.130859 0.236328 0.230469
2 0.165039 0.061523 0.298828 0.115234
1 0.205078 0.137695 0.109375 0.150391
1 0.293945 0.160156 0.126953 0.156250
1 0.085938 0.204102 0.167969 0.142578