3 0.381836 0.665039 0.212891 0.232422
2 0.234375 0.568359 0.191406 0.238281
2 0.093750 0.626953 0.167969 0.367188
3 0.200195 0.446289 0.224609 0.224609
1 0.493164 0.514648 0.193359 0.255859
1 0.496094 0.375977 0.230469 0.220703
4 0.825195 0.500000 0.267578 0.269531
4 0.629883 0.304688 0.185547 0.210938
3 0.811523 0.221680 0.166016 0.255859
3 0.943359 0.087891 0.113281 0.171875
4 0.712891 0.090820 0.082031 0.177734
2 0.574219 0.102539 0.257812 0.193359
1 0.543945 0.181641 0.201172 0.171875
2 0.239258 0.371094 0.177734 0.210938
2 0.241211 0.229492 0.189453 0.095703
1 0.193359 0.188477 0.378906 0.193359
3 0.021484 0.222656 0.039062 0.203125