2 0.855469 0.411133 0.152344 0.271484
4 0.712891 0.450195 0.125000 0.158203
4 0.341797 0.513672 0.273438 0.285156
4 0.296875 0.934570 0.289062 0.130859
1 0.510742 0.336914 0.123047 0.142578
4 0.365234 0.171875 0.093750 0.101562
3 0.749023 0.073242 0.048828 0.060547
3 0.504883 0.046875 0.119141 0.074219
4 0.599609 0.024414 0.046875 0.044922
3 0.957031 0.020508 0.050781 0.037109
1 0.469727 0.018555 0.068359 0.033203
4 0.258789 0.023438 0.087891 0.042969
2 0.043945 0.142578 0.083984 0.097656
3 0.025391 0.934570 0.046875 0.130859