3 0.185938 0.286719 0.137500 0.123438
3 0.630469 0.205469 0.101562 0.092188
2 0.956250 0.245312 0.087500 0.078125
1 0.920312 0.190625 0.046875 0.043750
2 0.035937 0.231250 0.068750 0.096875
3 0.096875 0.206250 0.118750 0.084375
2 0.911719 0.128906 0.026562 0.026562
1 0.285938 0.341406 0.153125 0.142187
2 0.489844 0.171875 0.067187 0.078125
4 0.356250 0.325000 0.084375 0.078125
2 0.156250 0.188281 0.059375 0.064062
3 0.716406 0.166406 0.057813 0.101562
2 0.649219 0.146094 0.064062 0.039062
4 0.280469 0.162500 0.032813 0.034375
1 0.071094 0.313281 0.139063 0.110937
2 0.489063 0.171094 0.068750 0.076563
3 0.769531 0.167187 0.051562 0.093750
1 0.610938 0.250000 0.034375 0.034375
2 0.703906 0.115625 0.042188 0.034375
9 0.632031 0.125781 0.289062 0.029687
1 0.585938 0.114062 0.031250 0.028125
4 0.264062 0.242969 0.056250 0.026562
4 0.227344 0.114844 0.039062 0.064062
3 0.035937 0.153125 0.034375 0.025000
3 0.308594 0.290625 0.067187 0.068750
4 0.810937 0.128125 0.046875 0.046875