4 0.214062 0.396875 0.190625 0.206250
3 0.417969 0.296875 0.164062 0.096875
2 0.542188 0.108594 0.040625 0.035937
1 0.586719 0.318750 0.151562 0.134375
3 0.117969 0.225000 0.132812 0.093750
4 0.203125 0.171094 0.037500 0.035937
3 0.666406 0.185156 0.085938 0.079687
2 0.450000 0.147656 0.056250 0.060937
1 0.325781 0.311719 0.104688 0.139063
3 0.853125 0.124219 0.043750 0.042188
2 0.925000 0.139844 0.059375 0.039062
1 0.425781 0.106250 0.023438 0.021875
3 0.689063 0.126562 0.034375 0.056250
2 0.339062 0.179688 0.121875 0.084375
2 0.384375 0.150000 0.056250 0.059375
3 0.528125 0.287500 0.065625 0.062500
1 0.680469 0.225781 0.051562 0.035937
1 0.928125 0.175000 0.025000 0.021875
3 0.135156 0.427344 0.267188 0.754687
4 0.331250 0.246094 0.062500 0.029687
9 0.480469 0.123438 0.332813 0.021875
4 0.049219 0.128125 0.039062 0.075000
2 0.738281 0.112500 0.032813 0.031250
4 0.660937 0.110156 0.043750 0.039062