3 0.708984 0.536133 0.062500 0.056641
3 0.735352 0.747070 0.103516 0.115234
3 0.351562 0.644531 0.085938 0.054688
3 0.362305 0.669922 0.037109 0.039062
3 0.144531 0.958008 0.140625 0.083984
4 0.477539 0.847656 0.095703 0.109375
4 0.316406 0.786133 0.078125 0.076172
4 0.028320 0.830078 0.052734 0.085938
4 0.027344 0.777344 0.050781 0.054688
4 0.077148 0.577148 0.056641 0.048828
1 0.584961 0.572266 0.048828 0.058594
1 0.424805 0.963867 0.236328 0.072266
1 0.260742 0.847656 0.083984 0.085938
1 0.077148 0.603516 0.029297 0.035156
1 0.028320 0.578125 0.052734 0.054688
2 0.580078 0.673828 0.070312 0.078125
2 0.192383 0.745117 0.103516 0.076172
2 0.108398 0.858398 0.083984 0.080078
5 0.869141 0.826172 0.261719 0.347656
8 0.158203 0.596680 0.312500 0.087891