3 0.259375 0.311719 0.159375 0.154688
2 0.095312 0.408594 0.184375 0.198437
3 0.331250 0.210156 0.096875 0.073438
2 0.420312 0.265625 0.134375 0.118750
4 0.510938 0.184375 0.071875 0.053125
1 0.542188 0.250000 0.109375 0.115625
3 0.590625 0.122656 0.065625 0.151562
4 0.675000 0.235156 0.106250 0.070312
2 0.858594 0.610156 0.170313 0.126562
8 0.903906 0.182031 0.192188 0.060937
1 0.404687 0.189062 0.046875 0.034375
1 0.020313 0.230469 0.037500 0.026562
4 0.084375 0.134375 0.118750 0.034375
4 0.191406 0.131250 0.032813 0.031250
7 0.139063 0.135937 0.275000 0.062500
1 0.034375 0.185938 0.053125 0.021875
3 0.267188 0.207031 0.050000 0.054688