3 0.546875 0.322656 0.146875 0.104688
4 0.205469 0.388281 0.207813 0.198437
1 0.404687 0.328125 0.140625 0.131250
2 0.275000 0.236719 0.115625 0.104688
2 0.908594 0.122656 0.048438 0.035937
2 0.591406 0.187500 0.089063 0.087500
3 0.942187 0.228906 0.115625 0.104688
4 0.494531 0.164844 0.032813 0.032813
2 0.742188 0.158594 0.065625 0.067187
3 0.355469 0.206250 0.107813 0.090625
2 0.054688 0.133594 0.100000 0.042188
4 0.029687 0.310156 0.056250 0.067187
2 0.673438 0.154688 0.059375 0.059375
3 0.041406 0.600781 0.079687 0.226562
4 0.757031 0.358594 0.082812 0.076563
1 0.677344 0.383594 0.195312 0.167187
3 0.325781 0.127344 0.035937 0.070312
1 0.175781 0.251563 0.160938 0.096875
1 0.943750 0.278125 0.065625 0.040625
1 0.771875 0.114062 0.028125 0.031250
2 0.039844 0.368750 0.076563 0.090625
3 0.662500 0.320312 0.078125 0.078125
4 0.414062 0.113281 0.037500 0.064062
7 0.105469 0.142969 0.207813 0.089063
9 0.835156 0.133594 0.329688 0.039062
3 0.509375 0.286719 0.112500 0.082812