4 0.367969 0.403125 0.104688 0.096875
3 0.080469 0.189062 0.104688 0.065625
1 0.781250 0.189062 0.071875 0.059375
2 0.396094 0.241406 0.145313 0.079687
3 0.179688 0.084375 0.075000 0.093750
4 0.687500 0.170313 0.056250 0.059375
2 0.678125 0.206250 0.059375 0.025000
3 0.311719 0.204687 0.114062 0.096875
4 0.112500 0.241406 0.065625 0.026562
1 0.146094 0.180469 0.089063 0.067187
4 0.195312 0.157031 0.090625 0.067187
3 0.178125 0.084375 0.078125 0.093750
3 0.017969 0.200000 0.032813 0.043750
8 0.412500 0.126562 0.337500 0.037500