3 0.153906 0.175781 0.092188 0.070312
3 0.185156 0.272656 0.164062 0.120313
2 0.372656 0.257812 0.139063 0.121875
2 0.226562 0.639844 0.106250 0.145313
4 0.683594 0.259375 0.107813 0.084375
3 0.432031 0.189062 0.098437 0.040625
2 0.232813 0.154688 0.046875 0.037500
4 0.614062 0.217969 0.090625 0.107813
3 0.045312 0.165625 0.087500 0.090625
3 0.746875 0.137500 0.100000 0.175000
1 0.157031 0.860156 0.307812 0.273438
1 0.484375 0.171875 0.046875 0.043750
1 0.501563 0.255469 0.134375 0.120313
2 0.021875 0.206250 0.040625 0.078125
4 0.429688 0.832812 0.387500 0.315625
1 0.231250 0.194531 0.050000 0.023438
1 0.306250 0.164062 0.037500 0.021875
4 0.389844 0.125000 0.092188 0.031250
4 0.489844 0.126562 0.032813 0.025000
7 0.351562 0.128125 0.356250 0.053125
2 0.042969 0.318750 0.082812 0.131250