1 0.195312 0.379688 0.256250 0.196875
3 0.250781 0.175781 0.085938 0.070312
4 0.639062 0.270313 0.156250 0.140625
2 0.026562 0.252344 0.050000 0.104688
3 0.185156 0.161719 0.054688 0.079687
3 0.910937 0.173437 0.175000 0.334375
3 0.419531 0.246094 0.123438 0.092188
1 0.541406 0.209375 0.082812 0.084375
2 0.216406 0.128906 0.057813 0.042188
2 0.616406 0.407813 0.132812 0.184375
4 0.628906 0.108594 0.107813 0.029687
4 0.188281 0.276562 0.029687 0.025000
3 0.121094 0.136719 0.045312 0.035937
2 0.088281 0.353906 0.173437 0.182812
1 0.473438 0.246094 0.078125 0.095312
1 0.470313 0.253125 0.100000 0.109375
4 0.489844 0.457813 0.185938 0.168750
1 0.507031 0.110156 0.042188 0.032813
4 0.757812 0.111719 0.050000 0.032813
7 0.604688 0.125781 0.453125 0.064062
4 0.311719 0.121094 0.057813 0.048438
1 0.315625 0.196875 0.050000 0.021875
4 0.515625 0.325781 0.131250 0.123438
1 0.239844 0.121094 0.073438 0.035937
1 0.164844 0.113281 0.042188 0.039062