4 0.050000 0.331250 0.096875 0.162500
2 0.195312 0.220312 0.121875 0.096875
1 0.213281 0.303906 0.117188 0.114062
1 0.396875 0.358594 0.150000 0.160938
2 0.685156 0.182031 0.085938 0.089063
3 0.845313 0.232031 0.131250 0.104688
3 0.020313 0.135156 0.037500 0.039062
2 0.359375 0.181250 0.050000 0.056250
2 0.132031 0.122656 0.098437 0.039062
2 0.887500 0.166406 0.078125 0.045312
3 0.957812 0.200000 0.081250 0.112500
1 0.085156 0.232031 0.132812 0.101562
3 0.298438 0.196875 0.090625 0.078125
2 0.968750 0.128906 0.053125 0.032813
4 0.479687 0.350781 0.090625 0.085938
1 0.805469 0.286719 0.039062 0.039062
1 0.826562 0.115625 0.028125 0.025000
3 0.278906 0.137500 0.026562 0.021875
3 0.335156 0.292187 0.148438 0.125000
1 0.044531 0.172656 0.064062 0.042188
4 0.491406 0.159375 0.035937 0.040625
4 0.459375 0.116406 0.037500 0.048438
4 0.429688 0.244531 0.056250 0.032813
3 0.446875 0.308594 0.071875 0.076563
9 0.850781 0.134375 0.254688 0.037500
7 0.132812 0.133594 0.262500 0.067187