4 0.610156 0.360938 0.092188 0.087500
4 0.297656 0.166406 0.045312 0.051562
3 0.188281 0.092188 0.070312 0.096875
1 0.798438 0.179688 0.071875 0.056250
4 0.220312 0.161719 0.081250 0.060937
3 0.396875 0.202344 0.090625 0.089063
4 0.701562 0.164844 0.059375 0.057813
3 0.047656 0.207031 0.051562 0.045312
2 0.708594 0.196875 0.054688 0.021875
1 0.186719 0.177344 0.070312 0.073438
4 0.192969 0.243750 0.067187 0.028125
1 0.031250 0.175000 0.046875 0.037500
2 0.493750 0.229687 0.137500 0.081250
2 0.708594 0.196094 0.054688 0.023438
1 0.027344 0.180469 0.042188 0.048438
2 0.106250 0.539844 0.209375 0.232813
3 0.098437 0.189844 0.062500 0.057813
3 0.150781 0.189844 0.085938 0.073438
2 0.367969 0.185156 0.101562 0.089063
8 0.371094 0.125000 0.335938 0.040625