4 0.134375 0.444531 0.146875 0.148438
2 0.064844 0.305469 0.126562 0.132812
3 0.053125 0.237500 0.103125 0.065625
2 0.035937 0.563281 0.068750 0.139063
4 0.388281 0.448437 0.217188 0.193750
2 0.351562 0.124219 0.040625 0.035937
2 0.321875 0.169531 0.062500 0.064062
2 0.240625 0.201563 0.156250 0.093750
4 0.042969 0.188281 0.045312 0.035937
4 0.298438 0.281250 0.062500 0.025000
3 0.423438 0.300781 0.053125 0.073438
4 0.042969 0.189844 0.045312 0.039062
3 0.652344 0.150000 0.032813 0.034375
2 0.718750 0.165625 0.046875 0.034375
2 0.224219 0.115625 0.026562 0.025000
2 0.239844 0.199219 0.157812 0.101562
7 0.945312 0.225781 0.109375 0.067187
3 0.690625 0.496875 0.421875 0.612500
9 0.278125 0.135937 0.350000 0.037500
1 0.400781 0.336719 0.082812 0.054688
3 0.500781 0.331250 0.089063 0.084375
3 0.576562 0.174219 0.075000 0.082812
4 0.483594 0.132031 0.039062 0.039062
4 0.821094 0.176563 0.064062 0.040625
1 0.770312 0.155469 0.046875 0.039062
1 0.745313 0.135937 0.034375 0.028125
1 0.859375 0.152344 0.021875 0.023438