2 0.452344 0.265625 0.148438 0.128125
3 0.266406 0.303125 0.151562 0.146875
2 0.032813 0.273438 0.062500 0.112500
3 0.043750 0.200000 0.084375 0.081250
4 0.587500 0.174219 0.075000 0.039062
1 0.582812 0.254688 0.125000 0.118750
2 0.085938 0.392969 0.150000 0.192188
4 0.731250 0.239844 0.128125 0.082812
1 0.127344 0.215625 0.051562 0.025000
3 0.400781 0.204687 0.095312 0.071875
8 0.977344 0.167969 0.045312 0.042188
2 0.830469 0.661719 0.170313 0.154688
3 0.061719 0.137500 0.032813 0.028125
3 0.687500 0.124219 0.075000 0.173437
3 0.063281 0.137500 0.032813 0.028125
3 0.862500 0.213281 0.053125 0.051562
3 0.352344 0.195312 0.045312 0.050000
7 0.205469 0.135937 0.407813 0.081250
4 0.169531 0.159375 0.054688 0.021875
4 0.948438 0.651563 0.103125 0.212500
1 0.089063 0.139063 0.043750 0.031250
4 0.227344 0.132031 0.110937 0.039062
4 0.324219 0.123438 0.042188 0.028125