4 0.321875 0.499219 0.162500 0.123438
2 0.066406 0.432812 0.129688 0.078125
1 0.564844 0.365625 0.089063 0.075000
1 0.414062 0.416406 0.084375 0.095312
3 0.462500 0.372656 0.065625 0.042188
3 0.376563 0.390625 0.068750 0.081250
2 0.296094 0.617969 0.198437 0.189062
2 0.060156 0.283594 0.045312 0.032813
1 0.085938 0.504687 0.168750 0.156250
3 0.372656 0.258594 0.026562 0.029687
3 0.794531 0.401562 0.217188 0.350000
4 0.521094 0.453125 0.123438 0.143750
3 0.353906 0.282813 0.026562 0.053125
4 0.110937 0.624219 0.159375 0.148438
3 0.010937 0.389844 0.018750 0.035937
3 0.572656 0.832031 0.167187 0.164062
2 0.092969 0.357812 0.182812 0.071875
4 0.221094 0.400781 0.067187 0.026562
6 0.790625 0.274219 0.418750 0.079687
3 0.385156 0.311719 0.070312 0.060937
1 0.428906 0.328125 0.045312 0.015625
1 0.678125 0.255469 0.062500 0.032813
4 0.958594 0.269531 0.060937 0.035937
4 0.206250 0.271094 0.043750 0.032813
4 0.519531 0.256250 0.048438 0.037500
2 0.436719 0.260156 0.048438 0.026562
2 0.109375 0.309375 0.075000 0.040625
2 0.246875 0.264062 0.028125 0.021875
1 0.468750 0.250781 0.062500 0.032813
1 0.476562 0.278906 0.037500 0.017188
1 0.431250 0.237500 0.031250 0.031250