3 0.870117 0.629883 0.259766 0.302734
3 0.644531 0.067383 0.062500 0.041016
3 0.720703 0.046875 0.062500 0.062500
3 0.551758 0.034180 0.060547 0.060547
3 0.195312 0.060547 0.058594 0.058594
3 0.180664 0.096680 0.060547 0.044922
4 0.304688 0.100586 0.062500 0.044922
4 0.343750 0.069336 0.058594 0.056641
4 0.168945 0.122070 0.064453 0.041016
4 0.140625 0.560547 0.277344 0.328125
1 0.046875 0.311523 0.089844 0.138672
1 0.041016 0.087891 0.062500 0.062500
1 0.432617 0.060547 0.060547 0.062500
1 0.734375 0.019531 0.058594 0.035156
2 0.155273 0.252930 0.130859 0.142578
2 0.051758 0.170898 0.099609 0.103516
6 0.500977 0.098633 0.998047 0.193359