2 0.851562 0.065430 0.074219 0.076172
2 0.981445 0.132812 0.037109 0.136719
2 0.921875 0.969727 0.156250 0.060547
3 0.068359 0.266602 0.132812 0.091797
3 0.071289 0.419922 0.138672 0.089844
3 0.156250 0.554688 0.113281 0.167969
3 0.254883 0.909180 0.330078 0.173828
3 0.801758 0.516602 0.138672 0.162109
3 0.444336 0.274414 0.076172 0.087891
1 0.543945 0.755859 0.314453 0.132812
1 0.412109 0.168945 0.093750 0.095703
1 0.698242 0.297852 0.115234 0.095703
1 0.752930 0.037109 0.150391 0.070312
4 0.257812 0.139648 0.101562 0.091797
4 0.588867 0.153320 0.068359 0.123047
4 0.346680 0.033203 0.060547 0.062500
4 0.444336 0.026367 0.091797 0.048828