2 0.831250 0.153906 0.125000 0.073438
1 0.284375 0.146094 0.059375 0.039062
2 0.046875 0.667969 0.084375 0.151562
1 0.657031 0.132812 0.054688 0.043750
4 0.193750 0.143750 0.034375 0.031250
2 0.703125 0.154688 0.050000 0.046875
3 0.456250 0.166406 0.031250 0.020313
2 0.228125 0.100781 0.031250 0.026562
2 0.753125 0.139844 0.053125 0.098437
2 0.046875 0.667969 0.084375 0.151562
5 0.678125 0.159375 0.559375 0.146875
4 0.437500 0.133594 0.031250 0.014063
4 0.200000 0.114062 0.043750 0.025000
3 0.244531 0.121094 0.026562 0.023438
3 0.387500 0.144531 0.031250 0.026562