1 0.285156 0.537109 0.046875 0.046875
1 0.252930 0.687500 0.123047 0.074219
1 0.836914 0.742188 0.083984 0.078125
1 0.873047 0.533203 0.062500 0.058594
3 0.954102 0.513672 0.060547 0.054688
3 0.725586 0.574219 0.080078 0.054688
3 0.278320 0.655273 0.080078 0.072266
4 0.339844 0.540039 0.054688 0.052734
4 0.179688 0.601562 0.058594 0.089844
4 0.515625 0.726562 0.183594 0.101562
4 0.646484 0.725586 0.089844 0.076172
4 0.861328 0.649414 0.070312 0.064453
4 0.799805 0.793945 0.083984 0.115234
2 0.978516 0.587891 0.042969 0.066406
2 0.695312 0.633789 0.074219 0.068359
2 0.449219 0.799805 0.101562 0.099609
2 0.920898 0.977539 0.076172 0.044922
3 0.696289 0.924805 0.076172 0.080078
3 0.887695 0.791016 0.091797 0.093750
8 0.323242 0.563477 0.447266 0.048828