4 0.407227 0.053711 0.111328 0.103516
4 0.718750 0.096680 0.089844 0.150391
4 0.411133 0.196289 0.181641 0.150391
4 0.065430 0.379883 0.119141 0.111328
4 0.301758 0.497070 0.119141 0.193359
2 0.575195 0.424805 0.259766 0.216797
2 0.852539 0.449219 0.173828 0.171875
2 0.704102 0.041992 0.212891 0.080078
1 0.560547 0.047852 0.109375 0.091797
1 0.669922 0.094727 0.218750 0.126953
1 0.860352 0.254883 0.126953 0.138672
1 0.744141 0.286133 0.136719 0.115234
1 0.607422 0.597656 0.292969 0.257812
3 0.055664 0.278320 0.107422 0.091797
3 0.102539 0.493164 0.201172 0.240234
3 0.433594 0.362305 0.273438 0.169922
3 0.505859 0.188477 0.082031 0.095703
3 0.985352 0.118164 0.029297 0.111328
3 0.784180 0.589844 0.189453 0.199219