4 0.593750 0.077148 0.070312 0.126953
4 0.875000 0.159180 0.093750 0.083984
4 0.818359 0.319336 0.234375 0.150391
4 0.931641 0.877930 0.136719 0.212891
4 0.584961 0.400391 0.080078 0.140625
3 0.278320 0.070312 0.099609 0.070312
3 0.823242 0.063477 0.068359 0.123047
3 0.753906 0.094727 0.082031 0.130859
3 0.598633 0.176758 0.169922 0.138672
3 0.734375 0.337891 0.101562 0.093750
3 0.246094 0.444336 0.144531 0.150391
3 0.132812 0.444336 0.105469 0.115234
2 0.156250 0.152344 0.101562 0.109375
2 0.277344 0.144531 0.113281 0.113281
2 0.465820 0.150391 0.130859 0.140625
2 0.674805 0.520508 0.244141 0.185547
2 0.191406 0.713867 0.117188 0.126953
2 0.029297 0.358398 0.054688 0.095703
2 0.071289 0.387695 0.087891 0.154297
1 0.897461 0.543945 0.119141 0.150391
1 0.663086 0.443359 0.228516 0.152344
1 0.350586 0.310547 0.123047 0.089844
1 0.442383 0.270508 0.095703 0.095703
1 0.369141 0.080078 0.132812 0.125000
1 0.046875 0.278320 0.089844 0.091797
1 0.264648 0.801758 0.166016 0.197266