3 0.025781 0.164062 0.048438 0.053125
1 0.256250 0.204687 0.093750 0.065625
1 0.440625 0.148438 0.062500 0.050000
3 0.732812 0.235156 0.115625 0.101562
3 0.360156 0.128125 0.035937 0.028125
2 0.683594 0.135937 0.048438 0.040625
4 0.128906 0.176563 0.060937 0.053125
4 0.271875 0.316406 0.065625 0.045312
3 0.728125 0.390625 0.156250 0.240625
4 0.729688 0.150000 0.040625 0.037500
1 0.037500 0.300000 0.071875 0.040625
8 0.753125 0.157812 0.431250 0.040625
1 0.186719 0.127344 0.026562 0.029687
4 0.581250 0.139844 0.034375 0.023438
4 0.538281 0.117969 0.045312 0.042188