3 0.296875 0.360156 0.165625 0.107813
2 0.260156 0.239063 0.126562 0.096875
2 0.642188 0.215625 0.103125 0.100000
3 0.946875 0.317188 0.106250 0.146875
1 0.180469 0.346094 0.092188 0.126562
3 0.385937 0.217969 0.087500 0.082812
2 0.457813 0.203125 0.059375 0.059375
4 0.403125 0.443750 0.112500 0.106250
4 0.490625 0.282031 0.046875 0.035937
3 0.186719 0.139844 0.089063 0.032813
2 0.322656 0.128125 0.082812 0.037500
1 0.916406 0.381250 0.045312 0.065625
3 0.519531 0.133594 0.035937 0.064062
1 0.146094 0.249219 0.126562 0.101562
4 0.056250 0.300000 0.106250 0.093750
2 0.860938 0.200000 0.171875 0.078125
4 0.624219 0.122656 0.032813 0.057813
7 0.231250 0.137500 0.390625 0.087500
1 0.284375 0.446875 0.171875 0.175000
4 0.134375 0.192969 0.050000 0.035937
4 0.624219 0.178906 0.042188 0.032813
3 0.416406 0.379688 0.089063 0.075000
3 0.325781 0.303906 0.145313 0.070312