2 0.216406 0.207813 0.079687 0.050000
3 0.346875 0.116406 0.075000 0.032813
2 0.294531 0.278906 0.282813 0.154688
4 0.532031 0.212500 0.048438 0.050000
3 0.601562 0.132031 0.043750 0.079687
3 0.078906 0.231250 0.142187 0.093750
4 0.776563 0.130469 0.043750 0.073438
2 0.157031 0.192188 0.029687 0.018750
1 0.400000 0.114844 0.031250 0.029687
2 0.717187 0.301563 0.175000 0.156250
2 0.498437 0.112500 0.090625 0.040625
4 0.098437 0.164062 0.081250 0.046875
7 0.375781 0.121094 0.395313 0.076563
3 0.044531 0.622656 0.085938 0.251563
3 0.378125 0.750781 0.303125 0.498437