1 0.435156 0.792969 0.214062 0.142187
1 0.850000 0.176563 0.071875 0.078125
2 0.394531 0.241406 0.126562 0.104688
2 0.117969 0.144531 0.051562 0.039062
1 0.821875 0.139844 0.053125 0.051562
3 0.660156 0.160938 0.057813 0.056250
3 0.922656 0.234375 0.107813 0.143750
2 0.516406 0.144531 0.023438 0.026562
3 0.659375 0.160938 0.056250 0.056250
3 0.214844 0.200781 0.201563 0.104688
3 0.065625 0.415625 0.128125 0.203125
3 0.066406 0.416406 0.129688 0.204687
4 0.896875 0.206250 0.065625 0.084375
4 0.496094 0.157031 0.054688 0.048438
9 0.205469 0.167187 0.407813 0.040625