4 0.305664 0.568359 0.060547 0.050781
4 0.091797 0.638672 0.054688 0.089844
4 0.350586 0.766602 0.205078 0.111328
4 0.480469 0.763672 0.085938 0.078125
4 0.601562 0.839844 0.093750 0.117188
4 0.833008 0.859375 0.064453 0.070312
4 0.971680 0.700195 0.056641 0.083984
4 0.753906 0.677734 0.070312 0.070312
3 0.933594 0.523438 0.074219 0.058594
3 0.663086 0.594727 0.076172 0.052734
3 0.162109 0.693359 0.085938 0.078125
3 0.689453 0.832031 0.089844 0.105469
3 0.411133 0.970703 0.083984 0.058594
1 0.246094 0.563477 0.054688 0.056641
1 0.124023 0.728516 0.107422 0.070312
1 0.661133 0.773438 0.087891 0.066406
1 0.979492 0.789062 0.041016 0.101562
1 0.838867 0.548828 0.060547 0.062500
2 0.927734 0.603516 0.066406 0.066406
2 0.593750 0.656250 0.093750 0.074219
2 0.235352 0.848633 0.095703 0.099609
8 0.288086 0.591797 0.455078 0.058594