4 0.722656 0.604492 0.105469 0.095703
4 0.066406 0.637695 0.054688 0.048828
4 0.820312 0.519531 0.035156 0.050781
4 0.981445 0.498047 0.037109 0.027344
3 0.498047 0.710938 0.152344 0.152344
3 0.922852 0.522461 0.064453 0.072266
3 0.988281 0.475586 0.023438 0.033203
3 0.830078 0.467773 0.035156 0.033203
3 0.114258 0.517578 0.037109 0.035156
3 0.022461 0.503906 0.041016 0.066406
1 0.364258 0.445312 0.119141 0.054688
1 0.662109 0.542969 0.171875 0.070312
1 0.971680 0.541992 0.056641 0.072266
2 0.849609 0.818359 0.144531 0.160156
2 0.890625 0.395508 0.105469 0.048828
2 0.868164 0.448242 0.064453 0.060547
2 0.025391 0.647461 0.046875 0.126953
1 0.119141 0.708008 0.062500 0.056641
9 0.777344 0.421875 0.437500 0.070312
5 0.272461 0.772461 0.541016 0.408203