3 0.344531 0.575781 0.348438 0.323437
3 0.253906 0.228906 0.120313 0.092188
2 0.102344 0.242188 0.132812 0.100000
2 0.376563 0.219531 0.075000 0.070312
3 0.682813 0.137500 0.046875 0.081250
4 0.204687 0.176563 0.059375 0.050000
4 0.849219 0.132812 0.045312 0.078125
2 0.556250 0.119531 0.087500 0.039062
4 0.664062 0.212500 0.046875 0.046875
1 0.459375 0.118750 0.028125 0.028125
1 0.111719 0.642188 0.195312 0.109375
4 0.196094 0.325000 0.060937 0.046875
2 0.499219 0.267188 0.242188 0.137500
3 0.407813 0.125000 0.065625 0.031250
3 0.882031 0.660937 0.235937 0.353125
7 0.441406 0.119531 0.382812 0.067187
2 0.906250 0.292969 0.187500 0.135937
1 0.031250 0.246094 0.059375 0.117188