3 0.053906 0.287500 0.104688 0.140625
2 0.212500 0.248438 0.162500 0.121875
2 0.368750 0.585156 0.090625 0.129688
3 0.503125 0.112500 0.062500 0.153125
4 0.516406 0.221094 0.114062 0.076563
1 0.350781 0.238281 0.132812 0.114062
4 0.407813 0.192969 0.081250 0.101562
1 0.416406 0.835938 0.451562 0.290625
4 0.589063 0.646094 0.328125 0.201563
8 0.896094 0.182031 0.204687 0.073438
3 0.217188 0.177344 0.109375 0.032813
4 0.211719 0.116406 0.060937 0.023438
4 0.082031 0.118750 0.107813 0.031250
7 0.132031 0.123438 0.260937 0.059375