2 0.328906 0.560156 0.248438 0.226562
2 0.550000 0.234375 0.131250 0.084375
1 0.805469 0.179688 0.073438 0.053125
3 0.442969 0.209375 0.082812 0.093750
4 0.758594 0.355469 0.092188 0.082812
3 0.109375 0.203125 0.065625 0.065625
3 0.174219 0.102344 0.076563 0.101562
4 0.221875 0.173437 0.081250 0.065625
4 0.709375 0.167969 0.062500 0.057813
4 0.233594 0.256250 0.073438 0.031250
4 0.307812 0.175000 0.053125 0.056250
2 0.721875 0.197656 0.053125 0.020313
2 0.386719 0.184375 0.098437 0.093750
1 0.028906 0.210156 0.054688 0.082812
3 0.060937 0.220312 0.056250 0.056250
2 0.075000 0.393750 0.146875 0.218750
1 0.029687 0.204687 0.056250 0.075000
3 0.175781 0.205469 0.089063 0.073438
8 0.356250 0.133594 0.293750 0.039062