2 0.537109 0.467773 0.203125 0.091797
2 0.092773 0.378906 0.068359 0.066406
2 0.038086 0.546875 0.072266 0.089844
1 0.310547 0.554688 0.089844 0.089844
1 0.530273 0.908203 0.181641 0.183594
1 0.603516 0.416016 0.050781 0.050781
3 0.616211 0.259766 0.072266 0.058594
3 0.765625 0.708008 0.187500 0.134766
3 0.027344 0.400391 0.035156 0.039062
4 0.483398 0.593750 0.216797 0.128906
4 0.549805 0.501953 0.091797 0.101562
4 0.930664 0.600586 0.138672 0.142578
4 0.824219 0.784180 0.125000 0.181641
9 0.333984 0.295898 0.500000 0.119141