2 0.406250 0.256250 0.259375 0.143750
3 0.185938 0.555469 0.368750 0.307812
3 0.175781 0.219531 0.129688 0.095312
4 0.592969 0.196875 0.045312 0.043750
2 0.301563 0.203906 0.075000 0.064062
2 0.046875 0.232813 0.090625 0.103125
3 0.628125 0.121094 0.043750 0.076563
2 0.507812 0.104688 0.090625 0.037500
3 0.360156 0.110156 0.073438 0.032813
3 0.702344 0.595313 0.245312 0.409375
4 0.793750 0.119531 0.043750 0.067187
4 0.106250 0.315625 0.065625 0.050000
7 0.392188 0.110156 0.381250 0.073438
4 0.133594 0.164844 0.051562 0.045312
4 0.106250 0.314844 0.065625 0.051562
2 0.807813 0.272656 0.184375 0.151562