4 0.897461 0.350586 0.091797 0.099609
1 0.677734 0.239258 0.109375 0.076172
3 0.714844 0.201172 0.078125 0.093750
4 0.644531 0.124023 0.058594 0.103516
1 0.444336 0.365234 0.099609 0.097656
2 0.210938 0.426758 0.230469 0.126953
4 0.226562 0.366211 0.062500 0.060547
1 0.103516 0.535156 0.070312 0.082031
4 0.280273 0.309570 0.181641 0.115234
1 0.271484 0.187500 0.078125 0.082031
4 0.111328 0.225586 0.093750 0.048828
3 0.125000 0.259766 0.109375 0.070312
4 0.013672 0.284180 0.023438 0.083984
8 0.796875 0.073242 0.406250 0.048828