2 0.311523 0.380859 0.130859 0.125000
2 0.220703 0.296875 0.113281 0.105469
1 0.180664 0.425781 0.126953 0.125000
1 0.249023 0.215820 0.048828 0.048828
1 0.623047 0.210938 0.066406 0.054688
1 0.931641 0.176758 0.054688 0.044922
3 0.747070 0.190430 0.052734 0.060547
3 0.827148 0.221680 0.064453 0.041016
3 0.907227 0.208008 0.064453 0.060547
3 0.396484 0.203125 0.058594 0.058594
3 0.374023 0.234375 0.060547 0.042969
3 0.895508 0.768555 0.208984 0.310547
3 0.044922 0.489258 0.085938 0.126953
4 0.138672 0.353516 0.121094 0.113281
4 0.190430 0.666992 0.376953 0.322266
4 0.489258 0.244141 0.060547 0.039062
4 0.535156 0.217773 0.058594 0.052734
4 0.360352 0.251953 0.068359 0.035156
6 0.562500 0.229492 0.875000 0.162109