3 0.408594 0.546875 0.307812 0.303125
2 0.494531 0.250000 0.235937 0.137500
3 0.237500 0.217969 0.121875 0.092188
4 0.646094 0.192188 0.045312 0.043750
2 0.361719 0.205469 0.076563 0.073438
4 0.171875 0.167969 0.056250 0.054688
3 0.910156 0.608594 0.179688 0.323437
4 0.192969 0.315625 0.057813 0.050000
2 0.903906 0.258594 0.192188 0.142187
2 0.082812 0.234375 0.140625 0.106250
3 0.370312 0.108594 0.075000 0.029687
1 0.171875 0.629687 0.190625 0.115625
2 0.521094 0.101562 0.089063 0.043750
3 0.653906 0.117969 0.042188 0.073438
4 0.817969 0.110156 0.042188 0.070312
7 0.407813 0.108594 0.375000 0.079687