5 0.790625 0.216406 0.418750 0.151562
1 0.907813 0.176563 0.090625 0.075000
1 0.447656 0.168750 0.067187 0.043750
3 0.649219 0.204687 0.045312 0.028125
3 0.407813 0.137500 0.021875 0.021875
2 0.971875 0.201563 0.056250 0.062500
3 0.648438 0.204687 0.043750 0.025000
4 0.370312 0.128125 0.050000 0.031250
3 0.111719 0.171875 0.039062 0.037500
4 0.351562 0.164062 0.034375 0.037500
3 0.562500 0.175000 0.031250 0.037500
2 0.146094 0.141406 0.054688 0.032813
4 0.621094 0.163281 0.035937 0.020313
2 0.392969 0.112500 0.039062 0.028125
1 0.333594 0.152344 0.023438 0.026562