3 0.308594 0.259375 0.060937 0.062500
3 0.925000 0.349219 0.150000 0.167187
1 0.375781 0.159375 0.045312 0.046875
2 0.853906 0.142969 0.048438 0.042188
3 0.245312 0.166406 0.034375 0.035937
3 0.654687 0.165625 0.034375 0.034375
4 0.124219 0.161719 0.082812 0.057813
3 0.780469 0.174219 0.042188 0.023438
2 0.114062 0.149219 0.078125 0.048438
1 0.757031 0.128906 0.095312 0.048438
5 0.786719 0.136719 0.426563 0.085938
1 0.014063 0.214062 0.025000 0.050000
2 0.898438 0.128906 0.040625 0.064062
2 0.907813 0.128906 0.106250 0.029687