2 0.327148 0.833008 0.224609 0.333984
2 0.362305 0.460938 0.197266 0.378906
2 0.395508 0.388672 0.193359 0.214844
3 0.600586 0.469727 0.232422 0.240234
1 0.598633 0.301758 0.224609 0.248047
1 0.509766 0.193359 0.183594 0.253906
4 0.872070 0.259766 0.212891 0.265625
3 0.312500 0.300781 0.234375 0.250000
2 0.251953 0.191406 0.218750 0.207031
2 0.181641 0.104492 0.214844 0.173828
4 0.558594 0.094727 0.218750 0.185547
3 0.708008 0.062500 0.111328 0.121094
1 0.343750 0.039062 0.171875 0.074219
1 0.127930 0.060547 0.251953 0.117188