2 0.610156 0.275781 0.282813 0.123438
3 0.079687 0.710156 0.156250 0.304688
3 0.515625 0.190625 0.096875 0.062500
4 0.120313 0.184375 0.084375 0.056250
2 0.409375 0.189844 0.100000 0.085938
3 0.095312 0.235937 0.071875 0.078125
2 0.625781 0.194531 0.079687 0.057813
4 0.357812 0.267188 0.065625 0.037500
4 0.610156 0.155469 0.057813 0.048438
3 0.050000 0.429688 0.096875 0.228125
4 0.242188 0.185938 0.053125 0.065625
1 0.228906 0.121875 0.039062 0.028125
3 0.035156 0.138281 0.067187 0.173437
2 0.919531 0.458594 0.157812 0.251563
1 0.017188 0.259375 0.031250 0.068750
4 0.971875 0.265625 0.056250 0.056250
3 0.925781 0.125000 0.085938 0.037500
3 0.188281 0.235937 0.092188 0.075000
1 0.366406 0.181250 0.070312 0.075000
7 0.861719 0.138281 0.276562 0.073438
8 0.145313 0.140625 0.287500 0.068750
3 0.063281 0.258594 0.076563 0.070312
3 0.470313 0.100000 0.028125 0.021875
1 0.550781 0.115625 0.029687 0.025000