3 0.497656 0.253125 0.079687 0.093750
4 0.532031 0.349219 0.145313 0.120313
1 0.223438 0.368750 0.225000 0.184375
3 0.952344 0.325000 0.095312 0.228125
3 0.368750 0.125781 0.046875 0.039062
4 0.714063 0.327344 0.175000 0.126562
1 0.732812 0.128906 0.043750 0.029687
3 0.970313 0.664844 0.059375 0.182812
2 0.561719 0.460938 0.185938 0.206250
3 0.583594 0.241406 0.076563 0.054688
3 0.428906 0.173437 0.079687 0.065625
2 0.436719 0.126562 0.026562 0.025000
4 0.860938 0.139844 0.121875 0.039062
1 0.667969 0.220312 0.089063 0.056250
2 0.146094 0.317969 0.201563 0.157812
4 0.396094 0.484375 0.157812 0.190625
6 0.797656 0.152344 0.404687 0.079687
3 0.053125 0.289062 0.103125 0.140625
2 0.113281 0.214062 0.223438 0.068750
4 0.296875 0.264062 0.068750 0.034375
2 0.108594 0.170313 0.107813 0.056250
4 0.534375 0.121875 0.062500 0.050000
1 0.562500 0.277344 0.121875 0.107813
1 0.472656 0.120313 0.057813 0.031250
1 0.483594 0.200781 0.045312 0.035937
1 0.498437 0.151562 0.040625 0.015625
1 0.415625 0.107031 0.037500 0.029687
2 0.227344 0.128906 0.032813 0.026562
4 0.173437 0.131250 0.043750 0.040625
4 0.987500 0.150781 0.025000 0.032813
4 0.640625 0.228125 0.053125 0.043750