4 0.465820 0.373047 0.123047 0.207031
4 0.369141 0.639648 0.386719 0.208984
3 0.472656 0.545898 0.101562 0.083984
3 0.756836 0.324219 0.138672 0.164062
3 0.852539 0.334961 0.099609 0.119141
3 0.952148 0.860352 0.095703 0.279297
1 0.369141 0.094727 0.125000 0.134766
1 0.058594 0.320312 0.113281 0.171875
1 0.361328 0.386719 0.187500 0.238281
1 0.931641 0.525391 0.136719 0.128906
1 0.930664 0.629883 0.138672 0.150391
2 0.265625 0.314453 0.179688 0.222656
2 0.494141 0.151367 0.121094 0.107422
2 0.915039 0.242188 0.091797 0.093750
2 0.952148 0.317383 0.095703 0.173828