2 0.332031 0.271875 0.270313 0.115625
3 0.343750 0.191406 0.090625 0.057813
2 0.470313 0.450781 0.259375 0.251563
4 0.736719 0.270313 0.067187 0.059375
2 0.688281 0.409375 0.176563 0.178125
2 0.257031 0.185156 0.092188 0.073438
3 0.857812 0.127344 0.071875 0.035937
3 0.036719 0.237500 0.070312 0.078125
4 0.155469 0.267188 0.060937 0.034375
4 0.117188 0.188281 0.065625 0.064062
1 0.926562 0.131250 0.043750 0.040625
2 0.459375 0.211719 0.100000 0.067187
4 0.507812 0.155469 0.065625 0.048438
2 0.159375 0.172656 0.056250 0.060937
2 0.531250 0.179688 0.040625 0.021875
1 0.185156 0.126562 0.039062 0.031250
2 0.459375 0.212500 0.100000 0.068750
1 0.506250 0.118750 0.018750 0.021875
2 0.989844 0.150781 0.020313 0.042188
3 0.441406 0.103125 0.026562 0.025000
5 0.834375 0.145313 0.331250 0.090625
8 0.113281 0.147656 0.223438 0.039062