2 0.700781 0.293750 0.298438 0.131250
3 0.090625 0.407031 0.175000 0.204687
3 0.623437 0.197656 0.106250 0.060937
4 0.733594 0.167187 0.070312 0.056250
3 0.101562 0.625781 0.200000 0.295312
3 0.221875 0.229687 0.068750 0.075000
4 0.094531 0.256250 0.057813 0.059375
4 0.257031 0.187500 0.079687 0.065625
2 0.738281 0.210938 0.085938 0.059375
4 0.363281 0.187500 0.060937 0.062500
3 0.172656 0.133594 0.082812 0.154688
2 0.953125 0.513281 0.093750 0.242188
1 0.123438 0.234375 0.081250 0.081250
3 0.304688 0.229687 0.087500 0.078125
2 0.522656 0.194531 0.085938 0.082812
4 0.457813 0.268750 0.065625 0.034375
1 0.364844 0.127344 0.032813 0.029687
2 0.764844 0.189844 0.035937 0.020313
5 0.935156 0.155469 0.126562 0.064062
8 0.197656 0.148438 0.392188 0.050000
1 0.482812 0.184375 0.084375 0.071875
1 0.678906 0.125000 0.026562 0.021875
3 0.597656 0.107031 0.023438 0.026562