2 0.366406 0.204687 0.151562 0.143750
3 0.272656 0.132812 0.120313 0.084375
4 0.646875 0.192969 0.112500 0.076563
1 0.502344 0.196094 0.123438 0.132812
2 0.837500 0.601562 0.165625 0.137500
2 0.032813 0.353906 0.062500 0.232813
3 0.574219 0.077344 0.076563 0.151562
2 0.033594 0.352344 0.064062 0.242188
8 0.900781 0.154688 0.195312 0.081250
3 0.747656 0.166406 0.048438 0.051562
4 0.484375 0.110937 0.078125 0.046875
1 0.363281 0.117188 0.051562 0.046875
1 0.281250 0.080469 0.028125 0.023438
3 0.167187 0.246094 0.184375 0.167187
2 0.614844 0.166406 0.070312 0.089063
6 0.115625 0.032813 0.228125 0.062500
3 0.214844 0.128125 0.057813 0.062500
4 0.945312 0.561719 0.109375 0.210938
4 0.144531 0.030469 0.045312 0.035937
4 0.048438 0.028125 0.093750 0.043750