3 0.068750 0.298438 0.134375 0.140625
1 0.533594 0.200781 0.089063 0.073438
3 0.307031 0.144531 0.073438 0.051562
4 0.557813 0.328906 0.078125 0.048438
4 0.882812 0.147656 0.031250 0.026562
8 0.908594 0.167969 0.176563 0.039062
4 0.144531 0.149219 0.048438 0.035937
4 0.411719 0.164844 0.060937 0.051562
1 0.325000 0.286719 0.068750 0.035937
1 0.465625 0.116406 0.028125 0.029687
3 0.633594 0.125000 0.035937 0.031250
1 0.725000 0.152344 0.068750 0.051562
4 0.828125 0.128906 0.053125 0.042188
4 0.048438 0.159375 0.093750 0.040625
6 0.125000 0.164062 0.246875 0.075000