3 0.897656 0.272656 0.067187 0.039062
3 0.767969 0.210938 0.045312 0.046875
1 0.617188 0.196875 0.084375 0.056250
3 0.572656 0.147656 0.026562 0.026562
2 0.292187 0.141406 0.046875 0.042188
1 0.485156 0.171094 0.029687 0.029687
4 0.857031 0.203125 0.035937 0.031250
5 0.889844 0.241406 0.220312 0.114062
2 0.559375 0.121875 0.043750 0.031250
4 0.530469 0.134375 0.042188 0.037500
4 0.499219 0.186719 0.032813 0.035937
3 0.230469 0.185938 0.039062 0.040625
4 0.500000 0.183594 0.034375 0.035937
8 0.096875 0.176563 0.190625 0.059375
2 0.070312 0.971094 0.137500 0.057813