2 0.684375 0.396875 0.118750 0.175000
2 0.503125 0.156250 0.040625 0.040625
3 0.365625 0.175000 0.078125 0.065625
3 0.069531 0.302344 0.135937 0.142187
4 0.723437 0.281250 0.159375 0.128125
3 0.519531 0.245312 0.120313 0.084375
2 0.215625 0.320312 0.156250 0.150000
3 0.249219 0.133594 0.039062 0.032813
1 0.633594 0.221094 0.076563 0.079687
1 0.611719 0.128125 0.035937 0.031250
1 0.558594 0.258594 0.092188 0.095312
4 0.601562 0.321094 0.121875 0.107813
3 0.305469 0.153906 0.048438 0.076563
4 0.736719 0.138281 0.104688 0.042188
1 0.634375 0.216406 0.078125 0.070312
2 0.118750 0.196094 0.184375 0.070312
2 0.178125 0.171094 0.100000 0.070312
2 0.091406 0.139844 0.026562 0.029687
4 0.425781 0.130469 0.048438 0.039062
1 0.424219 0.198437 0.042188 0.021875
4 0.864844 0.140625 0.051562 0.031250
1 0.318750 0.350781 0.206250 0.167187
1 0.358594 0.124219 0.073438 0.032813
6 0.721875 0.146875 0.425000 0.068750
4 0.561719 0.435156 0.160938 0.164062
3 0.944531 0.212500 0.110937 0.303125
1 0.575000 0.171875 0.043750 0.021875