2 0.530469 0.235156 0.126562 0.082812
3 0.092188 0.200781 0.062500 0.060937
3 0.164062 0.102344 0.075000 0.101562
4 0.696875 0.167187 0.059375 0.056250
1 0.791406 0.181250 0.070312 0.053125
4 0.207813 0.171094 0.081250 0.064062
4 0.215625 0.253906 0.065625 0.029687
2 0.055469 0.404687 0.107813 0.200000
3 0.423438 0.210156 0.081250 0.092188
2 0.270313 0.560156 0.268750 0.226562
4 0.293750 0.175000 0.050000 0.053125
4 0.723437 0.356250 0.087500 0.087500
2 0.708594 0.197656 0.054688 0.023438
4 0.723437 0.356250 0.087500 0.087500
1 0.021875 0.200781 0.040625 0.067187
2 0.708594 0.196875 0.054688 0.025000
3 0.044531 0.220312 0.045312 0.050000
3 0.043750 0.220312 0.046875 0.050000
2 0.270313 0.562500 0.265625 0.221875
1 0.017969 0.205469 0.032813 0.079687
3 0.157031 0.209375 0.089063 0.071875
2 0.378125 0.190625 0.100000 0.087500
8 0.346875 0.134375 0.306250 0.031250