1 0.045312 0.909375 0.087500 0.181250
3 0.602344 0.123438 0.064062 0.034375
2 0.481250 0.334375 0.156250 0.140625
3 0.131250 0.207031 0.115625 0.082812
2 0.044531 0.201563 0.085938 0.081250
4 0.283594 0.157031 0.060937 0.048438
2 0.251563 0.210938 0.103125 0.071875
4 0.510156 0.239844 0.054688 0.054688
2 0.773438 0.128906 0.087500 0.045312
3 0.692187 0.167187 0.028125 0.037500
2 0.316406 0.176563 0.035937 0.021875
1 0.657031 0.123438 0.039062 0.037500
1 0.361719 0.158594 0.057813 0.039062
2 0.119531 0.349219 0.235937 0.129688
2 0.714844 0.117969 0.039062 0.064062
5 0.649219 0.128125 0.420312 0.084375