3 0.203906 0.162500 0.082812 0.062500
4 0.621875 0.195312 0.109375 0.084375
2 0.032813 0.206250 0.062500 0.056250
3 0.126562 0.158594 0.056250 0.057813
2 0.281250 0.261719 0.137500 0.135937
4 0.631250 0.279687 0.131250 0.100000
3 0.925000 0.271875 0.078125 0.071875
3 0.092969 0.275781 0.173437 0.123438
2 0.685937 0.260937 0.084375 0.115625
2 0.084375 0.127344 0.040625 0.045312
3 0.792188 0.129688 0.121875 0.221875
1 0.406250 0.267188 0.131250 0.134375
3 0.430469 0.184375 0.098437 0.053125
1 0.011719 0.121094 0.020313 0.039062
4 0.191406 0.120313 0.073438 0.046875
7 0.458594 0.114844 0.385937 0.060937
1 0.493750 0.209375 0.068750 0.087500
1 0.515625 0.163281 0.065625 0.079687
4 0.495312 0.102344 0.096875 0.026562
4 0.597656 0.104688 0.045312 0.031250
1 0.378125 0.114062 0.037500 0.031250