3 0.743750 0.187500 0.084375 0.078125
3 0.919531 0.158594 0.067187 0.079687
4 0.043750 0.284375 0.084375 0.090625
2 0.712500 0.107813 0.090625 0.043750
2 0.045312 0.179688 0.081250 0.053125
2 0.132812 0.139063 0.059375 0.046875
3 0.379688 0.181250 0.034375 0.037500
8 0.092188 0.371094 0.181250 0.282813
3 0.552344 0.131250 0.023438 0.021875
7 0.653125 0.115625 0.371875 0.071875
1 0.112500 0.174219 0.034375 0.032813
3 0.245312 0.144531 0.028125 0.026562
1 0.318750 0.685937 0.390625 0.415625
2 0.132812 0.139844 0.059375 0.048438
2 0.044531 0.179688 0.079687 0.053125
2 0.346094 0.136719 0.032813 0.032813
1 0.605469 0.113281 0.045312 0.029687
4 0.151562 0.146094 0.059375 0.035937
1 0.975781 0.125000 0.048438 0.043750
3 0.635156 0.139063 0.042188 0.012500