7 0.791221 0.161641 0.318341 0.0403526
2 0.213006 0.383013 0.0888372 0.0804569
2 0.0830543 0.180791 0.0305542 0.0269481
2 0.552735 0.193496 0.0290308 0.0307471
4 0.410314 0.140811 0.0192573 0.0189831
3 0.690371 0.144357 0.019861 0.0156844
1 0.570775 0.153423 0.0192478 0.0184639
1 0.218086 0.164822 0.0283507 0.0205687
1 0.289518 0.146625 0.0214268 0.0165251
1 0.139397 0.157729 0.0191663 0.0186705
4 0.550966 0.167508 0.0248797 0.0178632
1 0.824424 0.152289 0.0319836 0.0205253
1 0.823899 0.152273 0.0306919 0.0193731