4 0.059570 0.079102 0.095703 0.076172
4 0.295898 0.211914 0.080078 0.126953
3 0.179688 0.336914 0.089844 0.095703
3 0.690430 0.558594 0.154297 0.164062
3 0.252930 0.971680 0.380859 0.056641
3 0.955078 0.060547 0.089844 0.082031
2 0.724609 0.176758 0.082031 0.134766
2 0.521484 0.122070 0.078125 0.080078
2 0.208008 0.031250 0.158203 0.058594
1 0.465820 0.343750 0.107422 0.101562
1 0.513672 0.817383 0.328125 0.173828
1 0.094727 0.238281 0.099609 0.101562
1 0.405273 0.090820 0.150391 0.087891
1 0.566406 0.023438 0.078125 0.042969
3 0.690430 0.019531 0.080078 0.035156