3 0.935937 0.271094 0.128125 0.139063
3 0.417969 0.160156 0.051562 0.042188
3 0.111719 0.182031 0.073438 0.085938
2 0.921094 0.467969 0.079687 0.085938
4 0.529687 0.188281 0.159375 0.057813
4 0.755469 0.201563 0.057813 0.062500
1 0.200781 0.190625 0.070312 0.109375
1 0.048438 0.160156 0.050000 0.054688
4 0.220312 0.348438 0.065625 0.050000
6 0.549219 0.212500 0.679688 0.156250
4 0.880469 0.897656 0.239063 0.204687
1 0.177344 0.132812 0.029687 0.025000
1 0.025781 0.134375 0.042188 0.043750
4 0.109375 0.163281 0.075000 0.057813