4 0.131250 0.759375 0.259375 0.300000
4 0.578906 0.216406 0.139063 0.120313
3 0.100000 0.275000 0.178125 0.121875
2 0.294531 0.260156 0.139063 0.126562
3 0.161719 0.168750 0.089063 0.065625
3 0.075000 0.160938 0.059375 0.075000
3 0.885156 0.257812 0.070312 0.065625
4 0.625000 0.267188 0.115625 0.096875
3 0.750000 0.131250 0.106250 0.200000
3 0.407813 0.185938 0.096875 0.046875
2 0.025000 0.214062 0.046875 0.068750
1 0.315625 0.115625 0.034375 0.028125
1 0.479687 0.175781 0.062500 0.064062
7 0.393750 0.121875 0.378125 0.053125
1 0.418750 0.260937 0.140625 0.131250
4 0.206250 0.238281 0.046875 0.039062
1 0.232813 0.184375 0.046875 0.025000
4 0.114844 0.128906 0.070312 0.054688
2 0.023438 0.143750 0.043750 0.031250
4 0.428906 0.111719 0.089063 0.023438
4 0.528125 0.115625 0.043750 0.028125