4 0.628125 0.326562 0.156250 0.128125
4 0.469531 0.379688 0.126562 0.134375
3 0.424219 0.282031 0.073438 0.082812
1 0.167969 0.397656 0.235937 0.176563
3 0.499219 0.264062 0.070312 0.050000
2 0.522656 0.460938 0.160938 0.187500
1 0.612500 0.153125 0.034375 0.028125
1 0.575781 0.246875 0.079687 0.059375
3 0.630469 0.146875 0.029687 0.025000
2 0.069531 0.263281 0.135937 0.079687
3 0.332031 0.204687 0.085938 0.062500
1 0.306250 0.145313 0.031250 0.028125
3 0.904687 0.241406 0.187500 0.348438
2 0.341406 0.160156 0.042188 0.029687
4 0.428906 0.155469 0.045312 0.039062
2 0.341406 0.162500 0.042188 0.031250
3 0.287500 0.189062 0.037500 0.065625
3 0.270313 0.162500 0.053125 0.034375
7 0.695312 0.158594 0.378125 0.089063
3 0.932031 0.586719 0.135937 0.129688
4 0.367969 0.489844 0.160938 0.154688
2 0.103125 0.370312 0.203125 0.156250
4 0.063281 0.179688 0.048438 0.034375
4 0.225000 0.300781 0.068750 0.042188
4 0.634375 0.185156 0.043750 0.010937
4 0.728906 0.157031 0.107813 0.039062
4 0.853125 0.162500 0.034375 0.031250
1 0.369531 0.153906 0.054688 0.029687
1 0.395313 0.182031 0.034375 0.014063
1 0.394531 0.226562 0.042188 0.028125
1 0.489063 0.291406 0.106250 0.076563
2 0.117969 0.167187 0.020313 0.018750
4 0.549219 0.247656 0.039062 0.035937