4 0.185547 0.143555 0.167969 0.080078
4 0.632812 0.076172 0.082031 0.062500
4 0.942383 0.324219 0.087891 0.152344
3 0.116211 0.251953 0.080078 0.132812
3 0.458984 0.208008 0.070312 0.095703
3 0.805664 0.152344 0.072266 0.113281
3 0.669922 0.316406 0.097656 0.093750
1 0.514648 0.431641 0.126953 0.101562
1 0.978516 0.260742 0.042969 0.103516
1 0.735352 0.913086 0.154297 0.173828
1 0.065430 0.930664 0.126953 0.111328
8 0.912109 0.049805 0.175781 0.087891
6 0.049805 0.169922 0.095703 0.082031
2 0.854492 0.554688 0.111328 0.195312