3 0.406250 0.179688 0.071875 0.118750
3 0.197656 0.153125 0.054688 0.053125
1 0.489063 0.203125 0.081250 0.159375
4 0.484375 0.507031 0.115625 0.098437
1 0.350000 0.147656 0.050000 0.067187
3 0.760156 0.179688 0.064062 0.053125
1 0.057031 0.573438 0.110937 0.068750
6 0.756250 0.252344 0.487500 0.204687
2 0.034375 0.150000 0.034375 0.034375
4 0.483594 0.507031 0.117188 0.098437
1 0.486719 0.130469 0.026562 0.029687
2 0.034375 0.150781 0.034375 0.035937
4 0.913281 0.247656 0.173437 0.101562
4 0.407813 0.167969 0.081250 0.057813
1 0.341406 0.118750 0.045312 0.037500
4 0.020313 0.157031 0.037500 0.048438