4 0.675000 0.254688 0.056250 0.056250
3 0.078125 0.191406 0.093750 0.076563
1 0.443750 0.177344 0.071875 0.057813
2 0.227344 0.161719 0.045312 0.042188
4 0.507812 0.137500 0.040625 0.037500
3 0.726562 0.232813 0.050000 0.050000
3 0.651563 0.175000 0.065625 0.075000
2 0.381250 0.158594 0.056250 0.048438
3 0.982812 0.189844 0.034375 0.039062
4 0.134375 0.232813 0.050000 0.050000
1 0.485938 0.132812 0.034375 0.037500
3 0.553906 0.126562 0.023438 0.021875
7 0.078906 0.157031 0.154688 0.045312
4 0.646875 0.130469 0.025000 0.023438
3 0.787500 0.145313 0.359375 0.034375