4 0.896484 0.648438 0.156250 0.167969
1 0.492188 0.732422 0.148438 0.242188
4 0.287109 0.626953 0.066406 0.074219
3 0.404297 0.544922 0.144531 0.105469
2 0.795898 0.391602 0.080078 0.119141
3 0.746094 0.258789 0.097656 0.091797
1 0.661133 0.285156 0.064453 0.074219
4 0.915039 0.182617 0.064453 0.099609
1 0.592773 0.170898 0.076172 0.072266
4 0.458984 0.386719 0.082031 0.085938
4 0.203125 0.272461 0.074219 0.068359
2 0.139648 0.281250 0.064453 0.097656
3 0.116211 0.517578 0.056641 0.058594
1 0.305664 0.296875 0.064453 0.070312
4 0.344727 0.243164 0.083984 0.087891
4 0.308594 0.185547 0.058594 0.062500
4 0.469727 0.171875 0.072266 0.050781
3 0.419922 0.187500 0.078125 0.062500
4 0.374023 0.132812 0.048828 0.046875
1 0.227539 0.168945 0.048828 0.048828
1 0.015625 0.312500 0.027344 0.042969
6 0.260742 0.173828 0.513672 0.144531