2 0.840820 0.598633 0.123047 0.115234
1 0.977539 0.584961 0.044922 0.146484
1 0.949219 0.291016 0.097656 0.125000
4 0.973633 0.211914 0.052734 0.064453
2 0.842773 0.338867 0.123047 0.173828
1 0.758789 0.310547 0.095703 0.136719
4 0.686523 0.300781 0.080078 0.128906
3 0.620117 0.232422 0.068359 0.093750
4 0.643555 0.190430 0.205078 0.083984
3 0.666016 0.086914 0.082031 0.087891
3 0.533203 0.431641 0.101562 0.132812
3 0.445312 0.482422 0.093750 0.089844
2 0.415039 0.647461 0.111328 0.177734
2 0.358398 0.459961 0.095703 0.142578
2 0.252930 0.466797 0.119141 0.105469
1 0.096680 0.425781 0.138672 0.132812
1 0.335938 0.318359 0.148438 0.070312
1 0.346680 0.274414 0.083984 0.083984
3 0.324219 0.168945 0.101562 0.142578
2 0.204102 0.187500 0.150391 0.140625
4 0.188477 0.094727 0.060547 0.115234
2 0.056641 0.236328 0.093750 0.101562
2 0.022461 0.287109 0.037109 0.101562
1 0.030273 0.166992 0.056641 0.095703
3 0.301758 0.070312 0.142578 0.113281
3 0.318359 0.031250 0.062500 0.058594
4 0.451172 0.087891 0.089844 0.089844