1 0.097656 0.073242 0.117188 0.138672
1 0.260742 0.256836 0.087891 0.099609
1 0.175781 0.314453 0.136719 0.093750
1 0.567383 0.396484 0.205078 0.195312
1 0.837891 0.442383 0.132812 0.150391
1 0.323242 0.842773 0.189453 0.224609
3 0.377930 0.132812 0.146484 0.156250
3 0.581055 0.272461 0.111328 0.103516
3 0.869141 0.104492 0.128906 0.103516
3 0.500977 0.046875 0.091797 0.089844
3 0.564453 0.023438 0.066406 0.042969
3 0.026367 0.073242 0.048828 0.060547
3 0.136719 0.474609 0.164062 0.164062
3 0.033203 0.498047 0.062500 0.121094
2 0.232422 0.128906 0.105469 0.156250
2 0.611328 0.463867 0.218750 0.216797
2 0.192383 0.777344 0.134766 0.144531
2 0.044922 0.157227 0.085938 0.115234
4 0.482422 0.370117 0.082031 0.154297
4 0.656250 0.238281 0.234375 0.117188
4 0.967773 0.382812 0.064453 0.144531
4 0.977539 0.747070 0.044922 0.185547
4 0.644531 0.070312 0.101562 0.089844
4 0.340820 0.048828 0.080078 0.093750