3 0.595313 0.551562 0.281250 0.281250
3 0.198437 0.241406 0.125000 0.098437
2 0.056250 0.260156 0.109375 0.110937
4 0.100781 0.192188 0.073438 0.056250
3 0.579688 0.136719 0.040625 0.070312
3 0.282031 0.128125 0.076563 0.034375
2 0.433594 0.121875 0.089063 0.040625
4 0.182031 0.342187 0.060937 0.053125
4 0.596094 0.206250 0.039062 0.037500
3 0.597656 0.550781 0.276562 0.282813
1 0.340625 0.127344 0.025000 0.026562
1 0.303125 0.661719 0.181250 0.123438
7 0.317188 0.129688 0.400000 0.078125
2 0.323437 0.225781 0.075000 0.073438
3 0.954688 0.594531 0.090625 0.220312
4 0.729688 0.132031 0.053125 0.073438
2 0.475000 0.264062 0.221875 0.131250
2 0.802344 0.239844 0.110937 0.107813
2 0.875781 0.267969 0.170313 0.132812