4 0.743164 0.389648 0.056641 0.087891
4 0.829102 0.652344 0.099609 0.097656
4 0.674805 0.537109 0.087891 0.074219
4 0.550781 0.557617 0.171875 0.095703
4 0.744141 0.804688 0.148438 0.152344
4 0.152344 0.792969 0.066406 0.070312
3 0.375000 0.736328 0.093750 0.085938
3 0.179688 0.678711 0.097656 0.091797
3 0.331055 0.508789 0.087891 0.087891
3 0.227539 0.347656 0.041016 0.042969
1 0.125977 0.367188 0.048828 0.039062
1 0.653320 0.696289 0.095703 0.103516
1 0.358398 0.885742 0.138672 0.228516
2 0.860352 0.575195 0.123047 0.072266
2 0.571289 0.622070 0.091797 0.087891
6 0.186523 0.373047 0.369141 0.121094