2 0.601562 0.281250 0.179688 0.093750
2 0.156250 0.443359 0.105469 0.085938
2 0.044922 0.303711 0.062500 0.064453
3 0.458008 0.111328 0.060547 0.062500
3 0.021484 0.390625 0.039062 0.042969
3 0.242188 0.708008 0.144531 0.158203
3 0.973633 0.399414 0.052734 0.111328
1 0.953125 0.558594 0.093750 0.164062
1 0.292969 0.627930 0.164062 0.087891
1 0.471680 0.385742 0.080078 0.080078
1 0.603516 0.230469 0.050781 0.039062
4 0.074219 0.506836 0.093750 0.087891
4 0.426758 0.931641 0.123047 0.136719
4 0.669922 0.373047 0.203125 0.085938
4 0.634766 0.301758 0.082031 0.072266
9 0.201172 0.184570 0.398438 0.177734