2 0.462500 0.258594 0.253125 0.139063
3 0.175000 0.562500 0.346875 0.331250
4 0.667969 0.205469 0.045312 0.048438
2 0.369531 0.197656 0.073438 0.054688
2 0.604688 0.107031 0.096875 0.039062
4 0.164062 0.307812 0.065625 0.043750
3 0.246094 0.212500 0.117188 0.090625
2 0.892188 0.292187 0.203125 0.159375
7 0.486719 0.110937 0.376563 0.059375
4 0.225000 0.154688 0.040625 0.034375
3 0.721875 0.126562 0.043750 0.081250
2 0.101562 0.222656 0.131250 0.098437
1 0.507031 0.106250 0.029687 0.028125
3 0.453906 0.109375 0.067187 0.031250
4 0.902344 0.137500 0.042188 0.053125
1 0.025781 0.220312 0.048438 0.087500
3 0.659375 0.659375 0.275000 0.446875