4 0.394531 0.323437 0.151562 0.150000
2 0.033594 0.282031 0.064062 0.107813
1 0.536719 0.241406 0.092188 0.092188
4 0.175000 0.353125 0.171875 0.131250
2 0.046094 0.171094 0.070312 0.060937
2 0.180469 0.172656 0.148438 0.064062
3 0.418750 0.232813 0.090625 0.040625
4 0.182031 0.252344 0.067187 0.026562
2 0.104688 0.121875 0.046875 0.034375
3 0.396094 0.167187 0.073438 0.068750
3 0.428125 0.118750 0.031250 0.031250
2 0.278125 0.150000 0.075000 0.059375
1 0.462500 0.143750 0.028125 0.028125
3 0.357031 0.883594 0.260937 0.232813
3 0.689063 0.266406 0.240625 0.457813
1 0.536719 0.116406 0.048438 0.039062
1 0.441406 0.197656 0.045312 0.017188
3 0.410938 0.233594 0.081250 0.042188
4 0.905469 0.146875 0.142187 0.056250
6 0.887500 0.153906 0.225000 0.095312
3 0.810156 0.128906 0.029687 0.042188
2 0.108594 0.470313 0.214062 0.203125
9 0.109375 0.142187 0.215625 0.040625
1 0.498437 0.105469 0.034375 0.035937
2 0.305469 0.117188 0.029687 0.021875