3 0.516406 0.329688 0.145313 0.153125
2 0.139844 0.312500 0.273438 0.175000
3 0.225781 0.196875 0.092188 0.071875
3 0.603906 0.221094 0.107813 0.079687
1 0.845313 0.287500 0.137500 0.140625
3 0.928906 0.142187 0.123438 0.181250
3 0.099219 0.204687 0.073438 0.081250
2 0.705469 0.300000 0.167187 0.140625
2 0.329688 0.430469 0.140625 0.220312
1 0.313281 0.218750 0.045312 0.021875
3 0.239063 0.137500 0.031250 0.028125
4 0.815625 0.203125 0.090625 0.081250
1 0.686719 0.206250 0.051562 0.043750
1 0.268750 0.139844 0.031250 0.026562
1 0.687500 0.206250 0.046875 0.043750
2 0.704688 0.298438 0.171875 0.140625
6 0.350000 0.135937 0.418750 0.078125
3 0.547656 0.211719 0.039062 0.042188
4 0.975781 0.286719 0.048438 0.073438
4 0.489063 0.128906 0.040625 0.039062
4 0.396094 0.132031 0.098437 0.039062
4 0.038281 0.159375 0.073438 0.059375