2 0.400781 0.259375 0.273438 0.140625
3 0.296094 0.184375 0.107813 0.056250
2 0.830469 0.103906 0.120313 0.057813
2 0.756250 0.377344 0.190625 0.220312
3 0.908594 0.142187 0.060937 0.081250
2 0.178125 0.200000 0.112500 0.090625
4 0.149219 0.282813 0.079687 0.040625
4 0.384375 0.149219 0.059375 0.045312
1 0.719531 0.105469 0.035937 0.035937
3 0.662500 0.100000 0.062500 0.037500
2 0.866406 0.322656 0.092188 0.142187
4 0.725000 0.224219 0.056250 0.051562
2 0.416406 0.183594 0.089063 0.054688
3 0.661719 0.098437 0.067187 0.037500
7 0.719531 0.102344 0.435937 0.085938
1 0.124219 0.189844 0.082812 0.082812
1 0.312500 0.111719 0.028125 0.032813
3 0.217969 0.100000 0.032813 0.028125
4 0.067187 0.187500 0.059375 0.068750