2 0.492188 0.500000 0.196875 0.209375
2 0.575781 0.221094 0.120313 0.079687
3 0.469531 0.200000 0.079687 0.087500
4 0.312500 0.168750 0.053125 0.053125
1 0.795312 0.171094 0.068750 0.051562
3 0.167187 0.098437 0.081250 0.106250
4 0.810156 0.328125 0.085938 0.078125
4 0.703125 0.160156 0.059375 0.057813
4 0.267188 0.245312 0.062500 0.028125
4 0.223438 0.167969 0.081250 0.064062
2 0.405469 0.178125 0.073438 0.087500
2 0.720313 0.189062 0.046875 0.021875
1 0.043750 0.197656 0.065625 0.067187
3 0.079687 0.215625 0.053125 0.050000
4 0.021875 0.212500 0.040625 0.050000
3 0.189844 0.199219 0.085938 0.073438
3 0.129688 0.198437 0.068750 0.062500
8 0.308594 0.131250 0.345313 0.040625