2 0.411719 0.263281 0.245312 0.142187
3 0.220312 0.556250 0.396875 0.296875
4 0.582812 0.207813 0.043750 0.043750
2 0.296094 0.218750 0.076563 0.071875
1 0.046875 0.632812 0.090625 0.103125
2 0.487500 0.117969 0.084375 0.035937
3 0.339062 0.121875 0.071875 0.028125
3 0.609375 0.133594 0.043750 0.076563
3 0.168750 0.228906 0.131250 0.095312
2 0.814844 0.276562 0.173437 0.137500
4 0.768750 0.129688 0.040625 0.068750
2 0.043750 0.244531 0.084375 0.101562
4 0.107031 0.325781 0.064062 0.051562
1 0.390625 0.118750 0.028125 0.028125
3 0.746875 0.567969 0.243750 0.407813
7 0.372656 0.118750 0.376563 0.075000
4 0.123438 0.177344 0.059375 0.048438