4 0.383789 0.327148 0.099609 0.181641
4 0.715820 0.344727 0.107422 0.111328
4 0.961914 0.327148 0.076172 0.095703
4 0.689453 0.684570 0.160156 0.291016
4 0.890625 0.640625 0.218750 0.203125
4 0.209961 0.588867 0.205078 0.205078
1 0.512695 0.398438 0.103516 0.148438
1 0.968750 0.407227 0.062500 0.119141
1 0.652344 0.891602 0.230469 0.216797
3 0.397461 0.916992 0.216797 0.166016
3 0.845703 0.442383 0.125000 0.130859
3 0.579102 0.254883 0.146484 0.099609
3 0.203125 0.448242 0.289062 0.189453
2 0.072266 0.263672 0.105469 0.113281