7 0.848437 0.140625 0.303125 0.037500
2 0.548438 0.378906 0.087500 0.082812
4 0.132812 0.304688 0.068750 0.062500
2 0.667969 0.181250 0.032813 0.031250
2 0.175000 0.178125 0.028125 0.028125
1 0.102344 0.246094 0.051562 0.045312
1 0.890625 0.128906 0.031250 0.020313
4 0.457031 0.130469 0.020313 0.020313
1 0.639062 0.144531 0.025000 0.032813
6 0.080469 0.367969 0.157812 0.164062
4 0.641406 0.157812 0.026562 0.028125
3 0.746875 0.127344 0.018750 0.017188
1 0.289844 0.158594 0.023438 0.020313
8 0.231250 0.154688 0.284375 0.028125
1 0.204687 0.153125 0.015625 0.015625
1 0.291406 0.159375 0.023438 0.021875
1 0.340625 0.141406 0.025000 0.020313