2 0.265625 0.255469 0.134375 0.123438
2 0.872656 0.939063 0.254688 0.121875
4 0.460938 0.209375 0.084375 0.065625
3 0.900781 0.195312 0.048438 0.043750
4 0.921094 0.383594 0.157812 0.104688
1 0.164844 0.209375 0.070312 0.071875
3 0.312500 0.110937 0.075000 0.137500
1 0.354687 0.230469 0.125000 0.104688
3 0.142969 0.314844 0.217188 0.167187
3 0.081250 0.246875 0.100000 0.125000
3 0.015625 0.221875 0.028125 0.065625
8 0.689063 0.143750 0.409375 0.034375
2 0.119531 0.417969 0.235937 0.173437
4 0.262500 0.174219 0.087500 0.057813