2 0.140625 0.196094 0.087500 0.054688
4 0.478125 0.192188 0.053125 0.053125
3 0.322656 0.092188 0.076563 0.034375
2 0.480469 0.083594 0.098437 0.045312
2 0.199219 0.270313 0.304688 0.171875
3 0.038281 0.221875 0.073438 0.106250
1 0.378125 0.089063 0.031250 0.031250
3 0.578906 0.101562 0.048438 0.084375
4 0.765625 0.089844 0.050000 0.085938
4 0.053125 0.159375 0.084375 0.056250
3 0.118750 0.868750 0.234375 0.256250
3 0.578906 0.102344 0.048438 0.082812
2 0.625000 0.292969 0.162500 0.157812
7 0.346094 0.092188 0.404687 0.084375