3 0.645312 0.308594 0.143750 0.104688
2 0.601562 0.169531 0.109375 0.085938
3 0.378125 0.196094 0.115625 0.089063
4 0.354687 0.383594 0.196875 0.210938
4 0.353906 0.384375 0.195312 0.212500
2 0.733594 0.139063 0.064062 0.068750
2 0.666406 0.135156 0.051562 0.060937
3 0.955469 0.198437 0.089063 0.096875
2 0.864062 0.099219 0.053125 0.042188
4 0.482812 0.149219 0.034375 0.035937
4 0.878125 0.328125 0.075000 0.075000
1 0.509375 0.312500 0.134375 0.137500
3 0.292969 0.116406 0.039062 0.067187
2 0.307031 0.227344 0.114062 0.114062
1 0.203125 0.253906 0.143750 0.117188
1 0.805469 0.364063 0.195312 0.168750
2 0.729688 0.093750 0.028125 0.025000
1 0.974219 0.252344 0.051562 0.042188
4 0.221875 0.332813 0.103125 0.121875
3 0.154688 0.407031 0.306250 0.754687
3 0.759375 0.299219 0.075000 0.076563
4 0.371875 0.098437 0.040625 0.065625
4 0.574219 0.237500 0.073438 0.043750
9 0.800781 0.110156 0.354687 0.029687
3 0.587500 0.274219 0.100000 0.107813