3 0.375977 0.391602 0.251953 0.166016
3 0.790039 0.537109 0.166016 0.175781
3 0.925781 0.175781 0.093750 0.093750
3 0.839844 0.159180 0.117188 0.119141
3 0.374023 0.247070 0.083984 0.095703
3 0.085938 0.526367 0.167969 0.228516
4 0.282227 0.256836 0.189453 0.119141
4 0.549805 0.155273 0.080078 0.142578
4 0.220703 0.141602 0.105469 0.107422
4 0.469727 0.039062 0.107422 0.074219
4 0.302734 0.505859 0.105469 0.179688
1 0.639648 0.308594 0.115234 0.109375
1 0.733398 0.274414 0.126953 0.119141
1 0.631836 0.560547 0.236328 0.238281
1 0.826172 0.042969 0.093750 0.082031
2 0.877930 0.065430 0.068359 0.083984
2 0.980469 0.172852 0.039062 0.126953
2 0.953125 0.420898 0.093750 0.154297
2 0.804688 0.411133 0.152344 0.123047
2 0.529297 0.429688 0.214844 0.199219
2 0.516602 0.113281 0.193359 0.082031
1 0.367188 0.127930 0.101562 0.095703
1 0.499023 0.166016 0.197266 0.121094