3 0.121094 0.225000 0.095312 0.084375
2 0.321875 0.251563 0.128125 0.118750
4 0.502344 0.210156 0.082812 0.064062
3 0.342969 0.108594 0.073438 0.135937
3 0.926562 0.194531 0.050000 0.045312
1 0.213281 0.213281 0.089063 0.079687
4 0.955469 0.390625 0.085938 0.084375
3 0.046094 0.225781 0.054688 0.054688
1 0.413281 0.231250 0.095312 0.100000
2 0.971875 0.944531 0.056250 0.110937
2 0.197656 0.409375 0.279687 0.156250
8 0.700781 0.145313 0.392188 0.046875
3 0.229687 0.312500 0.206250 0.153125
4 0.307812 0.171875 0.103125 0.046875
4 0.030469 0.317969 0.057813 0.045312