2 0.0762769 0.451693 0.118814 0.0978531
2 0.107898 0.158084 0.0314027 0.0297594
2 0.595777 0.183226 0.0338201 0.0344726
1 0.920057 0.133822 0.0337574 0.0248716
1 0.630106 0.134777 0.0200659 0.0223771
4 0.466772 0.116126 0.0215933 0.0216437
7 0.853676 0.148407 0.292648 0.0529103
1 0.253868 0.141934 0.0244411 0.0211231
3 0.767284 0.124678 0.0236355 0.0211339
4 0.602201 0.155195 0.0314568 0.0268561
8 0.224339 0.135434 0.2993 0.0284634
1 0.337694 0.121369 0.0196651 0.0154337
1 0.182073 0.132457 0.0180273 0.0177646
1 0.336952 0.12153 0.0155819 0.0148886