2 0.717969 0.197656 0.039062 0.039062
2 0.217969 0.160156 0.029687 0.029687
1 0.766406 0.140625 0.023438 0.021875
4 0.731250 0.164062 0.034375 0.031250
2 0.025000 0.568750 0.046875 0.146875
4 0.592187 0.117969 0.021875 0.020313
1 0.365625 0.142969 0.021875 0.020313
1 0.457031 0.122656 0.017188 0.014063
3 0.925781 0.128906 0.026562 0.020313
7 0.927344 0.144531 0.145313 0.042188
8 0.346875 0.137500 0.290625 0.031250
1 0.300000 0.134375 0.018750 0.018750
1 0.009375 0.237500 0.015625 0.056250
1 0.299219 0.133594 0.017188 0.017188