2 0.375977 0.386719 0.150391 0.113281
3 0.833984 0.291992 0.109375 0.119141
1 0.741211 0.269531 0.095703 0.082031
1 0.619141 0.141602 0.062500 0.076172
4 0.786133 0.118164 0.162109 0.080078
4 0.968750 0.068359 0.062500 0.078125
4 0.647461 0.096680 0.060547 0.068359
2 0.605469 0.083008 0.152344 0.080078
1 0.522461 0.063477 0.037109 0.041016
4 0.372070 0.239258 0.091797 0.087891
3 0.071289 0.198242 0.048828 0.048828
3 0.019531 0.279297 0.035156 0.105469
3 0.168945 0.016602 0.056641 0.029297
6 0.891602 0.033203 0.216797 0.062500
9 0.049805 0.056641 0.095703 0.085938