3 0.299805 0.175781 0.263672 0.160156
3 0.738281 0.123047 0.113281 0.109375
3 0.091797 0.085938 0.179688 0.101562
4 0.258789 0.048828 0.091797 0.093750
4 0.687500 0.083008 0.203125 0.162109
4 0.961914 0.156250 0.076172 0.183594
4 0.033203 0.176758 0.062500 0.130859
2 0.204102 0.256836 0.294922 0.142578
2 0.158203 0.389648 0.183594 0.169922
2 0.170898 0.506836 0.169922 0.189453
2 0.896484 0.563477 0.160156 0.154297
1 0.643555 0.584961 0.166016 0.169922
1 0.673828 0.334961 0.167969 0.166016
1 0.567383 0.289062 0.138672 0.128906
1 0.026367 0.370117 0.048828 0.138672