3 0.071094 0.290625 0.139063 0.131250
2 0.235937 0.278906 0.143750 0.139063
4 0.585938 0.303125 0.128125 0.103125
3 0.183594 0.169531 0.089063 0.064062
4 0.598437 0.209375 0.115625 0.090625
3 0.404687 0.199219 0.100000 0.060937
3 0.910937 0.294531 0.081250 0.073438
3 0.109375 0.169531 0.059375 0.060937
2 0.656250 0.275000 0.093750 0.118750
2 0.018750 0.210156 0.034375 0.045312
1 0.471875 0.210938 0.081250 0.093750
1 0.367188 0.285156 0.134375 0.142187
4 0.585938 0.227344 0.143750 0.123438
1 0.092188 0.125781 0.084375 0.029687
1 0.182031 0.596094 0.167187 0.139063
1 0.008594 0.127344 0.014063 0.039062
7 0.450781 0.125781 0.395313 0.051562
1 0.255469 0.190625 0.048438 0.021875
3 0.777344 0.140625 0.142187 0.225000
4 0.590625 0.110937 0.037500 0.021875
4 0.482031 0.113281 0.089063 0.026562
1 0.367188 0.116406 0.031250 0.029687