1 0.364844 0.153906 0.060937 0.042188
1 0.767188 0.154688 0.062500 0.065625
2 0.070312 0.127344 0.043750 0.039062
3 0.546094 0.180469 0.035937 0.023438
2 0.309375 0.105469 0.037500 0.023438
2 0.951562 0.176563 0.096875 0.087500
3 0.040625 0.160156 0.037500 0.035937
3 0.471094 0.155469 0.032813 0.032813
4 0.271875 0.150000 0.037500 0.034375
2 0.825000 0.174219 0.059375 0.054688
5 0.736719 0.180469 0.520312 0.179688
2 0.878125 0.161719 0.068750 0.114062
4 0.282031 0.120313 0.026562 0.025000
4 0.525781 0.142187 0.032813 0.018750
3 0.327344 0.125781 0.020313 0.026562
1 0.254688 0.142969 0.021875 0.026562