3 0.242969 0.265625 0.154688 0.125000
2 0.080469 0.321875 0.126562 0.156250
3 0.788281 0.125000 0.107813 0.171875
2 0.378906 0.624219 0.079687 0.129688
2 0.037500 0.203906 0.071875 0.079687
4 0.657031 0.207031 0.085938 0.104688
3 0.180469 0.167187 0.089063 0.071875
3 0.032813 0.140625 0.037500 0.065625
4 0.751563 0.252344 0.134375 0.076563
2 0.432031 0.247656 0.135937 0.120313
3 0.468750 0.180469 0.093750 0.039062
3 0.077344 0.152344 0.064062 0.089063
1 0.510156 0.152344 0.029687 0.029687
4 0.655469 0.204687 0.085938 0.103125
1 0.324219 0.154688 0.029687 0.015625
1 0.562500 0.245312 0.128125 0.121875
4 0.627344 0.820312 0.435937 0.312500
1 0.306250 0.810156 0.446875 0.292187
1 0.257031 0.186719 0.051562 0.023438
4 0.402344 0.114844 0.089063 0.026562
7 0.362500 0.115625 0.371875 0.053125
4 0.499219 0.114844 0.035937 0.026562
1 0.281250 0.121094 0.050000 0.029687
4 0.081250 0.132031 0.056250 0.048438