2 0.087500 0.289062 0.159375 0.168750
4 0.218750 0.478125 0.128125 0.115625
3 0.243750 0.185938 0.084375 0.062500
3 0.384375 0.091406 0.056250 0.101562
3 0.406250 0.217969 0.115625 0.095312
1 0.314844 0.175000 0.064062 0.062500
4 0.542969 0.164844 0.045312 0.054688
2 0.454688 0.262500 0.165625 0.093750
1 0.968750 0.244531 0.062500 0.076563
1 0.192969 0.159375 0.032813 0.034375
2 0.842969 0.252344 0.076563 0.029687
4 0.362500 0.157031 0.075000 0.054688
4 0.875000 0.210938 0.084375 0.078125
3 0.181250 0.188281 0.043750 0.039062
4 0.153125 0.182812 0.040625 0.040625
4 0.230469 0.239844 0.057813 0.026562
8 0.641406 0.129688 0.342187 0.037500
1 0.489063 0.177344 0.075000 0.076563
2 0.444531 0.192969 0.098437 0.079687