1 0.410156 0.163281 0.064062 0.045312
2 0.114844 0.134375 0.045312 0.037500
5 0.763281 0.190625 0.473438 0.184375
1 0.839063 0.166406 0.078125 0.070312
2 0.903125 0.188281 0.068750 0.057813
4 0.317188 0.158594 0.037500 0.032813
3 0.519531 0.166406 0.032813 0.035937
3 0.082812 0.167969 0.037500 0.035937
4 0.330469 0.128906 0.032813 0.026562
3 0.598437 0.193750 0.034375 0.025000
3 0.371094 0.132812 0.020313 0.021875
2 0.962500 0.178125 0.075000 0.121875
1 0.297656 0.150781 0.029687 0.029687
4 0.575000 0.154688 0.025000 0.021875
2 0.356250 0.110937 0.034375 0.031250