3 0.173437 0.206250 0.128125 0.096875
2 0.383594 0.247656 0.279687 0.160938
4 0.618750 0.181250 0.046875 0.050000
2 0.825000 0.271875 0.203125 0.171875
2 0.304688 0.180469 0.075000 0.048438
2 0.578906 0.078125 0.098437 0.043750
3 0.691406 0.096875 0.048438 0.081250
4 0.073438 0.310156 0.075000 0.048438
7 0.455469 0.085938 0.385937 0.087500
1 0.478125 0.082031 0.031250 0.032813
3 0.096094 0.621094 0.189062 0.373437
2 0.050781 0.221875 0.098437 0.103125
4 0.189844 0.152344 0.067187 0.051562
2 0.242188 0.167969 0.028125 0.020313
1 0.030469 0.127344 0.026562 0.026562
4 0.878906 0.091406 0.045312 0.067187
3 0.422656 0.086719 0.073438 0.032813
3 0.472656 0.723437 0.273438 0.471875