2 0.332813 0.271875 0.268750 0.115625
3 0.343750 0.192188 0.090625 0.059375
4 0.736719 0.270313 0.067187 0.059375
2 0.470313 0.450781 0.259375 0.251563
2 0.688281 0.409375 0.176563 0.178125
2 0.257031 0.185156 0.092188 0.073438
3 0.857812 0.127344 0.071875 0.035937
3 0.036719 0.237500 0.070312 0.078125
4 0.117188 0.188281 0.065625 0.064062
4 0.156250 0.267188 0.062500 0.034375
2 0.459375 0.211719 0.100000 0.067187
1 0.926562 0.131250 0.043750 0.040625
4 0.507812 0.154688 0.065625 0.050000
2 0.160156 0.172656 0.054688 0.060937
2 0.531250 0.179688 0.040625 0.021875
1 0.185156 0.126562 0.039062 0.031250
1 0.506250 0.118750 0.018750 0.021875
3 0.440625 0.103906 0.021875 0.020313
5 0.835156 0.144531 0.329688 0.079687
8 0.116406 0.142187 0.229687 0.043750