4 0.542969 0.185156 0.076563 0.064062
4 0.783594 0.548438 0.126562 0.090625
3 0.428906 0.151562 0.079687 0.059375
1 0.703125 0.256250 0.125000 0.103125
3 0.809375 0.139844 0.043750 0.035937
3 0.056250 0.413281 0.109375 0.214062
4 0.253906 0.150781 0.051562 0.035937
1 0.607812 0.121094 0.034375 0.032813
4 0.045312 0.243750 0.056250 0.034375
1 0.945312 0.183594 0.103125 0.070312
6 0.182031 0.174219 0.360938 0.092188
1 0.410938 0.391406 0.100000 0.054688
4 0.046094 0.244531 0.054688 0.032813
4 0.114062 0.161719 0.159375 0.048438