4 0.118750 0.546875 0.156250 0.125000
2 0.065625 0.313281 0.128125 0.189062
4 0.902344 0.223438 0.092188 0.087500
2 0.434375 0.281250 0.181250 0.100000
3 0.235937 0.192188 0.084375 0.065625
4 0.549219 0.171875 0.048438 0.050000
3 0.399219 0.218750 0.129688 0.081250
1 0.308594 0.181250 0.064062 0.062500
2 0.864062 0.267969 0.084375 0.035937
3 0.167187 0.194531 0.050000 0.045312
4 0.362500 0.158594 0.065625 0.048438
3 0.388281 0.094531 0.064062 0.107813
1 0.185156 0.165625 0.032813 0.037500
1 0.982812 0.263281 0.034375 0.082812
1 0.983594 0.266406 0.032813 0.089063
8 0.664062 0.129688 0.359375 0.040625
1 0.489844 0.184375 0.076563 0.084375
2 0.436719 0.201563 0.104688 0.096875
4 0.210156 0.249219 0.057813 0.035937