4 0.078906 0.381250 0.092188 0.078125
7 0.768750 0.156250 0.303125 0.040625
2 0.627344 0.202344 0.032813 0.032813
2 0.696094 0.484375 0.110937 0.103125
1 0.019531 0.292187 0.035937 0.056250
1 0.796094 0.145313 0.029687 0.018750
4 0.580469 0.176563 0.026562 0.028125
2 0.062500 0.197656 0.034375 0.032813
1 0.559375 0.153906 0.021875 0.023438
4 0.361719 0.142187 0.023438 0.021875
3 0.657813 0.140625 0.021875 0.018750
1 0.191406 0.173437 0.023438 0.021875
1 0.241406 0.152344 0.020313 0.017188
6 0.073438 0.503906 0.143750 0.157812
1 0.085156 0.170313 0.026562 0.025000