3 0.782813 0.558594 0.312500 0.295312
2 0.586719 0.284375 0.210938 0.125000
3 0.315625 0.247656 0.103125 0.089063
2 0.161719 0.269531 0.132812 0.101562
2 0.946094 0.298438 0.107813 0.128125
1 0.473438 0.656250 0.162500 0.118750
2 0.430469 0.243750 0.070312 0.071875
2 0.516406 0.143750 0.082812 0.050000
3 0.357031 0.146094 0.045312 0.039062
3 0.666406 0.163281 0.032813 0.067187
3 0.033594 0.385156 0.064062 0.123438
1 0.057031 0.271875 0.110937 0.090625
1 0.425781 0.152344 0.020313 0.026562
4 0.816406 0.154688 0.057813 0.096875
4 0.303906 0.350000 0.057813 0.050000
2 0.909375 0.270313 0.096875 0.103125
4 0.214062 0.205469 0.087500 0.060937
7 0.408594 0.149219 0.385937 0.082812