2 0.298438 0.256250 0.134375 0.125000
3 0.343750 0.114062 0.075000 0.137500
3 0.186719 0.313281 0.207813 0.167187
2 0.146094 0.412500 0.279687 0.162500
2 0.889062 0.940625 0.218750 0.118750
1 0.200000 0.213281 0.078125 0.070312
1 0.402344 0.234375 0.095312 0.106250
3 0.934375 0.196875 0.050000 0.043750
3 0.117188 0.246875 0.100000 0.115625
3 0.042969 0.228125 0.054688 0.053125
4 0.492188 0.211719 0.087500 0.064062
2 0.456250 0.188281 0.034375 0.054688
4 0.294531 0.181250 0.104688 0.046875
8 0.713281 0.146094 0.414062 0.051562
4 0.940625 0.392188 0.118750 0.096875