2 0.587500 0.420312 0.190625 0.178125
2 0.167187 0.353906 0.331250 0.182812
4 0.184375 0.176563 0.053125 0.056250
3 0.071094 0.214062 0.082812 0.078125
4 0.734375 0.280469 0.065625 0.064062
2 0.486719 0.213281 0.107813 0.073438
3 0.378125 0.198437 0.087500 0.084375
1 0.644531 0.160938 0.060937 0.043750
1 0.120313 0.742188 0.221875 0.184375
2 0.300000 0.182812 0.087500 0.081250
3 0.028125 0.112500 0.053125 0.125000
2 0.215625 0.167187 0.075000 0.050000
3 0.957812 0.136719 0.078125 0.045312
2 0.583594 0.179688 0.042188 0.021875
4 0.082812 0.178125 0.090625 0.059375
3 0.958594 0.135937 0.079687 0.043750
4 0.562500 0.153125 0.056250 0.050000
4 0.185938 0.252344 0.071875 0.029687
5 0.871875 0.143750 0.256250 0.065625
8 0.181250 0.137500 0.256250 0.037500