2 0.091406 0.332813 0.173437 0.231250
4 0.798438 0.214844 0.112500 0.082812
3 0.414062 0.130469 0.121875 0.079687
3 0.032813 0.085156 0.062500 0.092188
1 0.637500 0.210156 0.131250 0.135937
2 0.026562 0.171875 0.050000 0.118750
3 0.739062 0.086719 0.112500 0.170313
4 0.633594 0.118750 0.073438 0.046875
3 0.294531 0.238281 0.154688 0.160938
2 0.506250 0.210938 0.171875 0.146875
3 0.022656 0.015625 0.042188 0.028125
2 0.925000 0.708594 0.150000 0.176563
3 0.991406 0.145313 0.017188 0.031250
3 0.912500 0.192188 0.056250 0.053125
6 0.201563 0.032813 0.400000 0.062500
1 0.107031 0.111719 0.067187 0.026562
4 0.328906 0.029687 0.057813 0.037500
4 0.212500 0.021875 0.125000 0.040625