4 0.210938 0.784375 0.393750 0.300000
4 0.517969 0.268750 0.114062 0.093750
4 0.450781 0.225000 0.104688 0.118750
3 0.031250 0.319531 0.059375 0.139063
3 0.733594 0.241406 0.057813 0.057813
3 0.582031 0.135156 0.073438 0.185938
3 0.263281 0.203125 0.126562 0.053125
4 0.342969 0.127344 0.039062 0.029687
1 0.314844 0.279687 0.157812 0.134375
2 0.171875 0.287500 0.168750 0.140625
7 0.200781 0.140625 0.398438 0.075000
1 0.042969 0.214844 0.054688 0.026562
4 0.239063 0.129688 0.109375 0.034375
1 0.100781 0.139063 0.054688 0.031250