4 0.215625 0.389844 0.228125 0.207813
3 0.550000 0.312500 0.146875 0.109375
3 0.321094 0.196875 0.110937 0.090625
2 0.242188 0.230469 0.125000 0.117188
2 0.557813 0.167969 0.103125 0.085938
3 0.928906 0.197656 0.132812 0.104688
2 0.847656 0.096094 0.054688 0.039062
2 0.701562 0.134375 0.062500 0.068750
1 0.703906 0.365625 0.198437 0.168750
3 0.071875 0.627344 0.140625 0.373437
2 0.631250 0.133594 0.059375 0.057813
4 0.777344 0.332031 0.073438 0.073438
2 0.014063 0.122656 0.025000 0.042188
2 0.016406 0.220312 0.029687 0.021875
2 0.711719 0.090625 0.029687 0.031250
1 0.415625 0.318750 0.146875 0.131250
3 0.264844 0.114844 0.039062 0.070312
1 0.921875 0.249219 0.059375 0.045312
4 0.355469 0.099219 0.045312 0.060937
1 0.142969 0.256250 0.176563 0.121875
7 0.069531 0.127344 0.135937 0.076563
9 0.787500 0.105469 0.353125 0.045312
4 0.447656 0.145313 0.035937 0.034375
3 0.672656 0.304688 0.082812 0.068750
3 0.510938 0.271875 0.100000 0.106250