3 0.646875 0.164062 0.056250 0.059375
1 0.842969 0.180469 0.076563 0.079687
2 0.367188 0.254688 0.134375 0.112500
3 0.917188 0.245312 0.106250 0.143750
1 0.810156 0.140625 0.054688 0.050000
2 0.090625 0.150781 0.056250 0.039062
3 0.180469 0.214844 0.214062 0.101562
3 0.037500 0.474219 0.071875 0.226562
4 0.909375 0.211719 0.100000 0.085938
1 0.389844 0.935156 0.251563 0.129688
4 0.475781 0.156250 0.045312 0.043750
2 0.500781 0.150000 0.023438 0.031250
9 0.195312 0.170313 0.387500 0.050000
1 0.990625 0.167969 0.018750 0.045312