3 0.777344 0.127344 0.070312 0.039062
1 0.502344 0.157812 0.057813 0.040625
2 0.122656 0.346875 0.242188 0.150000
3 0.250000 0.199219 0.093750 0.082812
4 0.600000 0.257031 0.059375 0.057813
2 0.360156 0.207813 0.104688 0.068750
1 0.082812 0.745313 0.162500 0.184375
4 0.422656 0.153906 0.051562 0.048438
2 0.494531 0.375000 0.170313 0.162500
1 0.840625 0.131250 0.043750 0.040625
4 0.060937 0.256250 0.071875 0.025000
2 0.077344 0.171875 0.064062 0.056250
3 0.858594 0.184375 0.039062 0.040625
2 0.448437 0.175781 0.037500 0.020313
2 0.161719 0.187500 0.098437 0.078125
2 0.960938 0.142187 0.075000 0.053125
2 0.903125 0.129688 0.053125 0.068750
5 0.800781 0.141406 0.398438 0.110937
4 0.039062 0.185156 0.075000 0.057813
8 0.078906 0.146094 0.154688 0.032813