1 0.572266 0.209961 0.125000 0.111328
1 0.662109 0.167969 0.152344 0.117188
1 0.743164 0.475586 0.197266 0.263672
1 0.334961 0.078125 0.212891 0.132812
1 0.166016 0.049805 0.113281 0.095703
2 0.334961 0.035156 0.201172 0.066406
2 0.881836 0.056641 0.080078 0.109375
2 0.948242 0.097656 0.103516 0.101562
2 0.967773 0.291016 0.064453 0.160156
2 0.963867 0.018555 0.072266 0.033203
2 0.839844 0.298828 0.144531 0.121094
2 0.543945 0.347656 0.173828 0.226562
3 0.345703 0.330078 0.246094 0.207031
3 0.075195 0.503906 0.146484 0.261719
3 0.899414 0.431641 0.154297 0.175781
3 0.704102 0.053711 0.119141 0.103516
3 0.804688 0.056641 0.097656 0.101562
3 0.243164 0.166992 0.091797 0.111328
4 0.400391 0.072266 0.089844 0.140625
4 0.028320 0.073242 0.052734 0.115234
4 0.143555 0.193359 0.240234 0.132812
4 0.345703 0.452148 0.125000 0.224609